tsnr
1.21129649215497
1.28124682259688
1.27424870861449
1.35369811189923
1.37770699167642
1.39854391072165
1.39689121652884
1.42267696231377
1.38603210103599
1.38639716056261
1.40450524586611
1.42947878262303
1.55593014248234
1.55841999987355
1.54830983350777
1.54070090049045
1.56246563308483
1.58807690153841
1.63581236607853
1.74093818032489
1.73356680104342
1.54420719443724
1.53806619122886
1.54213892610434
1.58266506543821
1.62298346999954
1.63438295228168
1.67330439176815
1.68467804747372
1.36798689511368
1.43164492523834
1.63469929381064
1.62548537804943
1.67933669062061
1.74755647127701
1.75906156432887
1.79904698728611
1.84437611020861
1.83128578716327
1.88017074142673
1.90666118039752
1.79334045676128
1.78360513469862
1.78417914626421
1.80854631012135
1.81593563738593
1.80261434397039
1.7805905976743
1.7805960922537
1.78850492281803
1.75536072872821
1.79457716788904
1.79028561143948
1.76558278729296
1.86880214734841
1.96007682294869
1.95813504839469
1.97324929227136
2.00653750359751
2.00429626093641
2.02371077631112
2.03029772472838
2.05989917607964
2.04056099434115
2.09736351634178
2.1127136029033
2.18696934827218
2.17078630855077
2.20874911936018
2.20814106918239
2.20120188745979
2.20069243957581
2.23600963530404
2.23323225588413
2.22888200279066
2.30563994784538
2.25839021223621
2.21017154139272
2.10275595595095
2.1431457563883
2.12593544039687
2.12035466144225
2.12710969666613
2.08759233867494
2.11743884626412
2.11185747516084
2.1021006605037
2.11493817153023
2.10815954281077
2.14818408666404
2.16995306395531
2.51364674074024
2.60160201450694
2.65577714567884
2.71152518290612
2.70758697811269
2.6051158177519
2.59168403262153
2.75522536042265
2.8093100340464
2.81770558168634
2.87407501541803
2.71810582044417
2.72159471987225
2.7415582365357
2.6416993450621
2.59487656296038
2.59591418428055
2.54300667967533
2.59851779371773
2.50102282956322
2.45925866632415
2.45719904703759
2.46181043995325
2.3970019491054
2.32991810272954
2.34522527092322
2.44538541010033
2.3969115269567
2.56182453158466
2.69571444722469
2.93893853102656
2.90003628763022
3.00258169445895
3.09433334051417
3.10400365336635
3.15894834295442
3.1759952838113
3.15537950004859
3.14901248063452
3.34992725067786
3.35512322948783
3.21246378983545
3.22201232317432
3.12491576627788
3.20318399204511
3.09799339673659
3.1030634579606
3.18615525873575
3.0870240179915
3.16851705903274
3.07537743567978
3.1604129572113
3.0756931197095
3.08018816618474
2.99542051106323
2.79529035464469
2.86115295180498
2.68373594861263
3.01338634508486
3.03940732719792
3.10817884189362
3.18482662838185
3.17126745004521
3.16719137229044
3.24725959012323
3.35752720618652
3.33726913070874
3.36612982134565
3.33212730056247
3.33635227658878
3.36472767412183
3.41968234562037
3.43089976973093
3.55731076529681
3.67431517496806
3.71318371412278
3.82236815085582
4.13944843224371
4.18389616307484
4.14208809013893
4.32101949088557
4.31824672218067
4.34593501386985
3.62945941573446
3.3867550560951
2.52765174252667
2.68299168793786
2.92557767874286
3.13486875223375
3.27368994599815
3.27532591927198
3.3423463207155
3.33694427742966
3.33904516624325
3.37075769214702
3.3314284798677
3.35654835888875
3.44981377065752
3.44651869610676
3.52852313201456
3.68422638775974
3.82843823865352
4.10956936508179
4.11006368576142
4.29310513115608
4.27330514778784
4.2891548945792
4.29417546623933
4.52024017033773
5.04222046657882
5.43414832500437
5.83175877052743
4.92929510016554
3.72885090808142
4.09703220155008
1.88521168135907
0.509206898863995
2.01720265487114
3.03234719083195
3.20666878550964
3.31068601175996
3.32018746585368
3.37681454478305
3.32051098114283
3.33101290139696
3.35522872849071
3.44891310567195
3.68624217556884
3.66397914999763
3.95712394031212
4.11587787154607
4.26895701895188
4.52458723511092
4.51866575195072
4.94289766507741
5.39717590344239
5.86830573312129
5.78596848895037
6.26412188891495
6.42556468732691
6.35989915380431
6.30590267401867
6.01536737671542
4.97725480524677
3.34134310745855
4.29554661571945
2.58911940596859
2.93474608038993
3.44082740987867
3.22505299199348
3.1325674625419
3.2725786624042
3.42730229049643
3.37002132741934
3.40701936432476
3.80076187743944
4.1257432817287
4.51172344904839
4.49840374853497
4.76596113831676
4.98099615890562
5.26191892677796
5.22225712200898
5.75735561432575
6.43986982040775
6.97268771461366
7.11490839574091
7.1864994072395
7.12468363624787
7.18210590349736
7.15496506316613
6.98961122222403
7.05214548038024
6.11805376278547
4.11552321308352
2.44868203099483
3.01322730055652
2.86020670608835
2.68869028561757
2.82743410243876
3.27168655533718
3.50104841826511
4.17534346269138
4.50922253911043
5.04825852540767
5.31761766128956
6.28652640340377
6.34363650956814
7.09998188542294
7.02948045314317
6.94776733265716
5.69459059787064
5.07503653372347
8.19151034222571
8.22628532808737
8.14570812058134
8.17036062669424
8.27968171054914
8.09927772506678
8.16836011514686
7.8183559007547
8.04093328191225
4.02852933518574
3.33593550743724
5.71676690407982
3.50415472980532
2.00551711230213
4.46528885411851
5.44677141426817
5.33261136134631
5.82994129514848
8.05415316863668
8.14494954418301
7.741180215912
7.7833741500247
8.0333520877278
7.46747086457581
7.68830755223049
8.23747218229384
8.10123270239104
8.11866205326647
8.24079180112043
8.19526570543812
6.986089740113
7.01713095527333
9.28473642890492
7.40171186400222
8.70648506301616
6.76729405555955
6.12173015866825
3.8167236248282
3.68403028743713
3.56488912842864
2.30299813307076
3.33568619239054
1.47990535781871
4.47756357169851
5.39674267496632
4.55397454051178
6.40141825404449
6.56889336376049
7.09765947407077
6.0933671972116
5.17295219514407
6.30511566747269
10.0767340989613
10.0672769853776
9.96099101726069
14.0451920153092
14.0006502301202
6.89608286043128
5.1115971404249
4.53877579237584
5.20643991389459
1.76019757153386
5.10217518120562
1.55337103588399
5.75930904075761
2.07789197209159
4.67501769856056
4.52487934941082
3.64812033053949
4.67420663861286
5.09435752040322
3.87027390077211
2.78565386307063
2.64228424958829
5.91504929437039
4.19969976520774
9.51173492684914
13.9779467937915
13.7019265892285
13.6264080391201
13.9523656689897
13.4602977453309
7.84984047307939
5.65398215015984
5.46937133961805
6.10939988312635
5.21778306539254
5.2745454309499
3.70299514333244
2.59542422554607
6.05311613674427
4.55691604619759
3.37782188001921
7.49941118909845
4.6763607999445
7.88576823869455
22.1409278098703
32.8775490484677
49.3973064969489
40.3273635279856
13.0784848813163
9.31421249521308
4.35121992026374
4.76671417230571
5.68096039748179
3.5293285394371
2.69756047804113
3.57381442804365
6.32351465067357
11.1091870042767
9.18904083507034
7.7606487762821
7.41982122306854
8.14800768152834
4.43285292958005
4.38596592720488
3.94381805450621
5.37356014388276
7.95221934867162
6.96048412115233
7.38960496837239
5.62915834803487
5.15569291264183
3.85485628675104
6.54108901030403
6.8714292235373
6.91008586165914
4.16580985489252
3.048469115671
2.52611498946838
4.41216466695538
1.83680264385339
20.7470851287429
29.8108393942485
25.0519487017661
12.0852712378311
15.8879393610723
19.3087901163036
14.9119803086888
28.8562624653451
50.8914147471496
19.9303232033566
31.3015269038591
34.7899165597179
46.6955940462014
23.632802303819
22.5066427665594
39.1775124625486
58.807466384329
56.5853178817886
50.5554865918854
56.0520261016441
45.643701242527
26.3789816179311
49.4138654088575
50.5374780827542
62.2735819294373
93.6579118749073
88.2576521731815
67.2013710368384
37.5157634801843
13.6336681514335
18.4132759333481
31.8670830914042
61.1266638381993
56.8045313005733
85.5128994701223
67.7890170128539
58.4441408075659
51.4991538142045
77.6309437067617
28.1256542271392
24.3954362905055
55.4262820183198
85.327014872535
71.530906435452
93.6733740386346
42.8169193955268
68.6336853772681
103.514339092219
47.3006906587979
53.6930499415682
16.8525911402517
9.21576269760026
6.94497623079275
42.3397663069353
81.5242213733279
53.6604479419074
73.5475817132983
57.8464395763974
45.7857294221109
98.5429749276349
76.1314816033603
87.1337249438243
33.7271703412168
4.91232080030479
23.0344935363034
78.7730944608717
64.5831764133624
76.8208573169651
67.1522970091085
78.3819361719718
53.8113074447197
63.6276247862879
89.6215709221706
84.7945622057872
32.5132656468148
34.0019976092548
34.3280031493686
8.65628813464111
34.3409019737662
106.026564289037
102.320318949577
104.392870185031
85.6244384978848
72.5080561788358
78.8392070860839
88.7464829618211
83.1581008331636
78.0661007013858
36.2787695855696
12.5396492570507
45.3997688374214
94.1890869956119
58.1906776829758
59.8738711269718
55.4545150763599
75.8569305823452
59.1185783130535
109.825387949519
106.069367396729
102.465224872752
59.4198006188026
50.704273831988
67.8518245007528
25.621190321962
60.1112925605154
90.2581048770903
99.989970673271
82.1096759097948
79.3180417440135
91.6035227795571
93.5809009898271
71.0137434519147
69.8588330217915
76.6142053289382
46.7881601325931
19.6318164986367
6.28951895743071
20.6428919805347
79.3819490086616
44.3495720504639
45.1701250996511
76.6951790042635
81.7899355893486
90.9176480428248
95.7102338800597
107.429395722776
78.4124375308841
93.6434296822326
67.6138912078242
76.2047101574454
102.035003575938
84.1748982449681
46.9999006726056
85.7241329766714
89.1194250596569
89.1361465941725
102.734654224227
99.5658286297621
90.4944348767828
95.6912261809654
70.707091024252
53.9005951927468
50.9849365666663
15.6757213146345
5.63050531761203
2.75044963400059
9.59330032884843
12.3260067083849
36.5171083124566
36.443414835215
49.1794598378189
55.6584178712618
68.1286726182254
74.5102493610694
88.2707744065711
91.4746280565946
112.807464947796
96.9228984948487
76.3583086812499
96.6164462650747
105.667368596009
109.828123788334
95.0882714907226
87.5957110220117
74.6841291840049
84.5531867900774
83.0824787580452
97.6572836794638
80.3084189538939
88.6053923541592
89.4306887438984
67.6833575907824
43.2391641798683
10.3001545761332
6.44176261734931
3.22598432976783
3.43618885640336
8.22709451352591
16.7320197650627
29.6393333264566
37.2958874712119
43.3758421570769
78.3999457459092
69.2710613716366
75.5485628110134
84.4229402396568
87.3013164731003
100.618833737975
101.15264406766
80.8462518064756
92.9616049075817
80.736000614809
99.7171388410307
98.6902698891275
73.2557977244677
80.3075808436395
84.7211206156403
80.3808325925411
82.3069824312255
88.4306548320532
96.1414248009982
71.0731373946167
58.7400695928282
39.9096421875404
5.76448114204081
14.9968573689475
9.39557699499828
3.27235626444832
11.2421233882266
21.6820333102674
66.1544300491906
62.6416791457786
68.3369820523256
102.418981094918
80.9359015620913
84.7938944423292
68.8028660088667
93.7176046862219
64.7382781894914
89.2712972795502
60.7030657238512
80.3201613694467
71.6135315490315
82.5214176289048
75.8709046909914
75.476248059675
86.8199234435148
77.8471939461985
93.4520715906027
83.0896914502232
78.0197128291914
69.0366174382352
67.023859336338
59.4420154231223
31.4447150219681
13.1731491554536
10.9999275890233
15.0273820795512
2.5673980358048
6.02418482891236
17.7465885669691
38.8537365972069
55.8539917238636
70.022166114296
95.7231756598926
71.1636458310255
59.5718942293393
54.4669382049833
48.9814875485722
46.4247243935491
66.1783604862411
50.9762948614157
70.9344225564714
83.7700986892271
71.1167175700706
59.7644183401486
73.6943201762521
55.119573405948
71.8410696147032
58.5236354508771
87.4910667767795
69.3075863005113
74.1771283831067
92.4806050722307
30.8750296421929
23.371135517592
22.8602795995303
11.6992030022119
4.21912450993119
5.59431131094498
4.03473490842849
15.9499419749678
47.3835742239086
41.5011327747682
39.459776922231
36.4534786104211
41.9337904517621
65.6335929043156
63.1091683277919
34.4941334471568
49.2105134661573
44.1334500796305
42.3903632356589
56.094510782729
41.6792188658313
37.5216315852095
69.7399507235313
54.0459919426114
48.9220464384064
50.6372559061183
68.9452141488522
69.7452593109176
61.8650339548769
79.4389480799991
40.2700425566249
19.8310250633971
19.2377677966925
10.0421415623147
8.84572039580216
6.84358253249175
4.30744825095382
5.14245583855749
8.57898943285588
22.8494859478478
30.0864970287241
38.9441932037431
30.8839479276871
68.3781691144406
78.9885134734481
91.7284971094891
52.6377917325162
28.0010125073163
22.070611349614
60.8672484327822
61.8260606457469
22.8977390011521
20.4719215594445
65.9177998193033
60.9701432388055
34.0694051059885
18.8291692675716
19.2521589520708
52.2396267736361
47.432234448276
43.9378240034167
24.2933591170858
15.639746045816
13.8327420837977
4.04714312261336
7.14521157346513
3.57369063824887
9.90935098157726
13.603861907594
20.5677270875533
11.9695679551314
24.8485112863127
41.4351244193924
45.2357996035936
49.2664070361099
26.9186637698543
14.5439818092137
25.663246918583
57.078550845492
69.2502021746078
30.9046452434276
39.5577094310333
65.7233433623257
55.3649014507675
43.881521583473
30.4331827410271
20.9686398955354
15.8188604251592
16.8784855851118
18.0298611087367
14.3582535498443
4.93643484722513
1.97120721004187
2.40491482256273
3.87099178168737
2.05851558442905
4.69157143679313
4.13946114019482
7.45565593301137
13.4254269403164
22.2676932205839
27.8521346684659
22.3059312189468
13.117917718692
31.6268465248734
25.1450065817945
62.4572694932754
51.1573927143549
63.6030283763437
70.6784778034916
64.3233723222993
16.3461639381431
28.8391307352551
24.6150885553183
11.5370622377015
11.994024079923
10.0897697199773
4.06238403313816
5.06818576813735
3.50317280250319
4.09910385055077
6.2044296086445
5.78857278304976
3.98841064245084
2.2633936767336
3.6745944506418
5.34339696553211
3.57979238107017
4.41920835472012
14.8598148895009
3.85370427440225
3.62943696733641
9.06883497200576
17.0649140272037
41.4034449908949
59.1676407992985
59.382798225216
59.8611030646767
48.2198242150283
15.938102999503
7.65498922910406
2.13818130464771
10.9181095523239
2.75974809341527
5.15335267758552
3.28355180137277
2.44364192531072
3.53006523386436
3.08985170260114
2.514630363917
3.54366384995072
1.35179712700568
2.30348669447755
4.00781171180919
6.67460697266354
5.91537310721777
3.88636626328821
14.3383614717299
40.6901784075538
55.3203390070382
50.2685198110359
45.8924918538012
38.8851265288826
21.1902829577257
4.57227822770506
5.1467118844489
3.61229693529856
7.58811439779169
9.05555544429868
1.52772438072656
4.23425345244537
8.08214008020179
7.2359522571363
3.65193691525492
5.55885253379384
10.6629112918808
19.2832427152839
32.3411001236259
43.4145389636312
25.7507013100919
17.2451501769511
12.5052323419823
5.32308512171982
2.85299564137192
2.41464227842252
3.35391037904972
1.92050989016273
5.76908334412664
12.2717082678559
9.27907625284051
11.607654608163
17.5722698504372
20.036730683676
14.6626580537043
10.9915423919468
9.04646102560153
4.34933718028411
2.55066239821798
1.19968979231801
4.87224411104067
10.9037227150206
11.5254373873072
16.1115840580278
15.8485460339123
6.45340090557898
10.5851127532057
5.60015988504462
4.27682786614241
8.60361655492351
11.4311961889114
8.87053461569708
9.53520698529764
9.63523429929263
4.6479009734124
4.89683798480686
2.16080865507624
5.71822087660174
4.08223255893703
14.9934590558431
23.3079273344736
9.72429832240682
5.09673002178486
2.81976147858282
1.10605979623669
18.5479134187075
28.0509992597827
26.8726116118728
9.76538681067208
3.70642605108319
4.87589726598947
8.535964568737
41.2660967397329
19.8014434508813
3.89196045987515
2.84872355101841
1.49731422988558
23.7104166905717
40.6328584789367
19.9296613980493
10.4261595328393
2.83337165254339
17.7698374809923
25.7239651596651
11.7491149301321
2.6586179559347
2.32715091005075
20.09616518459
11.3183874467136
10.0173294307162
3.81146408324922
4.64657423524571
15.1838317041592
11.849995825634
14.8011572751627
9.5555626435089
11.6370671073922
30.7597789431959
25.3207827742138
27.6649428020984
34.6155250379799
38.1935214027136
20.4332608573974
39.9278324342793
24.0685403235661
26.5765293367844
45.4792032144175
33.0285777961959
18.3657428969361
46.2991133378815
51.5953453370953
77.9752192368998
28.9554421758084
34.0168953688599
49.1802318842229
64.6345421007892
54.3665715862981
72.7412105415956
67.5171100832952
73.5754634968876
32.353043521339
14.9699438077732
24.6518777381218
43.550982215798
54.1250660753671
61.9474492304322
62.7449974814148
53.1189099375505
78.1095030402987
76.100664788257
40.6555362443124
9.6411014592502
21.2814950098466
52.8902797419267
101.052442320121
97.148728334726
100.389763142562
84.2791677250777
63.3309838916214
61.424713912146
75.8975894956298
26.0460396540842
12.9688436252197
22.3550511724823
38.1631736487447
44.799090066451
48.9068730926519
71.1099021251375
70.909308838992
59.6261121664977
67.5102386927481
97.657874735478
103.10252025084
44.8142917672995
14.9378685338054
2.46092352505721
37.5614952976423
88.0735206528581
44.4371751498889
54.8252735817902
40.2290103059108
55.7268272878946
72.8014057866284
74.2929144174556
55.627541186732
32.1928773594032
17.4145465645989
9.06490343662415
36.8411871303539
84.2816249430954
67.2812623309855
79.8486762439881
43.205586039672
54.2702695684422
41.4796820131321
45.8006846716618
69.1012999781277
66.9810564891798
56.3730719904949
58.3036794072301
53.9534691213611
22.0839490061337
63.2014814556029
88.5483226813186
68.914377951802
74.2464902683921
59.510846630889
55.0023107523402
81.6838606777364
83.2330820608462
82.6865752946194
53.8137833476398
47.4984518447496
15.8227529390974
32.7394439776911
43.9377346795849
80.1587759784206
41.829124345274
68.7329160674058
60.6883641177912
59.5499006838209
71.3611422761249
70.8542552734776
73.2091431972184
96.645822062655
103.05081733278
108.199689500486
85.5664190133462
104.874328392
86.7760700048014
111.615596118555
77.0533593086978
98.5328496760829
72.8206740351914
59.9455109097886
89.6175221660198
72.9991550857893
75.311025422632
98.6755623566054
64.9929291763048
28.9395394981954
17.6132628348043
22.0814152159355
40.0810702968925
90.1787155923602
60.638538414871
44.1284727233494
80.4442485520392
71.4638791352437
64.6029357485573
92.7338276290943
96.5191931733874
80.9238031927637
103.092125642394
92.1094512758494
102.04226870971
116.96510549989
119.032547942687
82.5194163449767
61.7466511582245
79.2644290531305
88.881460534142
94.3118473580551
116.159194068995
80.6403014660341
79.6002467416712
71.6543690524649
83.1261392449643
71.1436415679109
24.872942951597
11.7047356778535
11.0083612488937
4.56759804639689
31.3764226561191
54.8144692342911
39.1070080507907
46.3948924277414
71.1338076047253
82.3727532964339
106.92025798009
97.14478618943
84.0086838008622
73.8581973155662
91.0561068885202
94.9357740651698
93.3157193222392
86.6867936385463
96.6081773325
84.9780980664402
48.5788717485673
70.9313218932989
77.0374882063456
91.1473208090599
99.8971091981362
92.3995342589104
70.5598321172162
72.6812251939547
70.3393129473977
54.0306224818163
21.1066242062816
5.09900811579844
21.2481846473979
16.5195601468977
2.3221789882016
8.97677265944021
34.6225509920808
20.0844432701752
36.4158917293605
52.0219159044899
83.8856374393921
66.5670868386668
102.841306398842
60.3394227124663
96.75601827203
74.3690545521303
77.5611698242137
80.7754721084672
91.4431210620131
82.020867829465
72.828746743193
70.3732427723634
58.434086228906
66.1618923298685
76.1304040006298
83.899176910277
92.683097697367
107.537034846021
85.0202563991649
65.1931002787444
46.0221872187785
32.3235059959038
25.8177417020287
15.6778802702279
12.7632653708775
4.57223683328831
16.3400926902318
27.1249881936945
39.7236054986174
26.3520564277573
55.8153116118483
85.6795134675956
68.9850889622217
86.9013656027033
88.9222457343268
70.3607378748228
64.6204660248337
75.8761866383949
73.2587056008739
72.5680517525665
77.8840500236862
73.7120529066331
80.3727421260608
69.0217996883185
78.6288815281557
72.5868296333515
80.3387156201183
79.0749037207388
90.4019251011735
92.8738291329118
64.5375775672994
30.4504263618205
28.2765571413415
43.744659551016
50.2291161042619
14.3498178356936
7.54296644620051
8.15314083951075
12.5794608589505
31.7710958966166
23.6721870592377
43.3661273331481
72.7073411805991
64.4354443094263
68.3114382076387
84.9339214694355
43.7849882472429
46.0343747999265
53.8309024974596
57.9415018640454
61.7383718659784
88.5342802066705
66.1648513005737
68.876104544671
78.1393553227013
75.8328578425818
57.4700667596911
55.1748789973496
88.2985329703892
90.1514446576322
73.5600760310876
56.9882134263893
22.9363509952017
31.0835280670575
56.7046098198121
35.5023273620827
20.7828913309869
6.36232871070037
6.56778398061946
8.74112072684684
24.6576238727585
19.0494052843428
19.5126089408218
53.9758920925007
54.25269547834
50.2644403358469
69.2436933108513
47.3665848325518
80.6145071695675
23.0167739011823
39.2432320118625
82.255457252829
68.2249572451783
54.4416679025066
70.517148054016
52.4205534458335
37.9457552324595
52.8421977450054
78.2157389197828
92.7325254295087
68.1225757127652
57.1502298950267
29.5632177731408
18.9496746453906
28.012774665695
46.9950815051308
29.083672967503
8.12120667977723
8.14659831567362
4.28016120276189
8.74371407324629
24.6017921529654
43.7531877758454
35.1360211040738
11.6371024987913
17.1112494225287
44.2315352136131
72.4616954799802
58.0294098161426
61.5842905206932
57.6715506960335
26.0736487891299
55.3586612869064
73.7177050691919
36.1991084934783
47.6073878259119
68.3189340377385
55.8477898896306
34.597008986668
50.4295161425121
57.6690127086857
49.2715435821339
52.7596759991361
28.7854136290503
17.1000200993586
48.2611488335653
20.9500928181731
23.9677024552789
18.9720204696987
9.28506572191576
2.77313246446077
15.6349372844129
25.7248952264818
17.3640406044475
12.9014392679958
12.6346774508731
18.087850403076
40.2613640344305
34.1188572716743
59.6646784558676
43.4411518350848
72.8361343117209
84.9519982645229
74.2713708314204
40.0404730598402
47.3986060513211
65.6117399332213
71.6366826112556
61.2405554399284
41.5744487042358
56.7850314312774
30.5225484910358
30.6510467546257
25.3714712977618
34.163237566804
11.9132587159709
8.03776488321687
1.69808453365061
0.617394261620138
4.79485183890836
3.82769641507968
7.11820501842355
5.18408941353329
7.40818388281476
9.86370996340809
6.70301187462437
16.6332452248522
29.1156828296728
40.9550707939286
58.096543120778
57.6908267360301
58.9454832901083
64.4551252703326
61.7977054595631
61.2269144194274
72.8663405963286
65.3148908009002
42.5920872755288
38.4799170698586
55.173059597051
26.869884559206
20.8358579293009
15.3232723474191
8.8795742312048
4.14540112741105
6.44881368819196
3.72716636791994
6.65836160575322
5.6672951458687
3.66793968460982
7.27453410030255
1.55298385455677
0.922328870117004
2.54885518136534
4.72007756164445
6.79554526302037
14.2708243048152
22.0590572328971
34.7551038485137
51.8918863842155
58.1589292551631
62.063959999798
63.8225803460408
50.8209313804117
48.2961370014448
35.7352158791705
29.1627852225689
32.7176922383956
18.6322315031873
8.26108264446301
2.94415890203467
5.6045852625359
4.47274381727607
3.5308278245359
2.39602397142185
4.22461199656781
4.16469432014317
2.75492832983778
4.15891647086339
3.97748802199528
12.9718747643656
19.6820959740203
30.8177604149029
54.7896950091985
49.5013102603606
56.9839867007128
53.0607066224778
36.2462397143812
40.3319583385108
17.5137443934795
14.9389739567346
9.60429896018551
2.18431863399524
7.54525609825648
3.03744175375799
2.91851361645167
1.38459672681143
1.74992104164319
6.99576054960113
11.8057589213857
18.2427759963592
35.9812897482901
61.4636888662093
68.0741194575386
56.7181482063778
48.5461909887061
42.0951953558147
34.0854746197269
13.1397057091166
7.31715849726096
0
6.7382497869133
3.41811413715749
5.67868531305236
4.15153707630458
1.68686387367381
5.75776108114468
12.1943006440069
22.4980689026157
33.3204415047096
41.0565454114961
37.1081910177934
31.4046372579569
32.3966593348881
36.4750447711262
14.6170013466375
11.4625247680008
4.77848435653497
4.02813090189985
5.24819992395304
4.54306406324259
10.8103778220424
16.9927826177925
16.4632407343887
14.6957193500752
23.9460313161888
11.5073195145107
10.7872134075823
13.9727236201543
8.52931293993691
2.5437466977065
0.994403455650273
1.70857500041814
1.42476717689893
10.7896162106342
6.36800265166393
4.66739893836516
6.84151055939646
2.39077172131797
9.57742128062656
14.2807352941106
4.56699045095459
5.59030220831221
6.79005830187684
3.63922522007508
1.73031000802572
3.2400725211808
2.42882546404647
5.21628030717022
5.98284530141116
2.25563521751509
4.06128407049321
4.52172797591084
2.48264322935161
8.64711430245736
3.33847822207988
2.96041657193276
2.74173544686349
3.61685967125218
8.67492213542977
20.755323315908
13.9151724208589
7.56236746127174
5.01837862970155
2.1030617079448
1.45744045401077
2.58025642298464
6.02967431494925
12.6724389712512
11.6603160606555
14.0953453813072
26.456387691394
23.5475582096998
41.4868474345083
46.8460445581553
24.6309195605295
6.82543581398594
6.44664464912569
5.28432339661479
2.24277789365842
2.51351343106268
1.72170736800891
2.07094096966137
4.31806912736907
2.56809873159268
5.66463059149444
9.00962062732913
17.7807470688756
15.6133787200342
27.6924848823237
48.7280920553621
28.8996656777114
21.4427386178555
22.5571136773945
20.7724285967495
48.4259258458299
36.805844622862
22.0582203168617
11.0068794486781
5.27747479999962
4.76088408275274
2.84911545131915
5.46455787785563
3.26999462406643
2.31334550144189
4.62027544109903
7.27593245102831
16.2841939483347
16.8360894211467
15.8903780687769
46.4797775714091
31.5378778210346
7.27988319318421
19.1894041750718
16.719495213787
21.346965709018
8.16300742424479
4.30020832701166
3.19588953245386
5.66322072065729
3.13130802518544
6.17099851251732
10.2786281460129
10.8669503220322
14.7999532743576
5.60268387940814
16.7682932329123
35.4326486796764
1.75083862512038
10.3642919213161
7.6150327249902
7.73106713829905
5.93198355372411
4.51786129254884
4.88288578493378
5.84546283792239
6.95827933595158
3.03215736946542
3.56354019299337
8.32379341070981
7.08065101470831
11.7276830198555
11.7559843498268
5.83532094078871
4.65781080081882
3.03649972817021
2.82595610447884
2.24922162934183
1.19361582616622
3.33051862682779
21.031572804602
18.3389899798432
11.3251886236711
9.31690942016115
3.9340061635093
2.17871561147294
2.81428508381025
2.82200562857704
2.76905930857472
21.9782487415925
16.5070296737706
19.3941751455922
14.9640777311827
18.5933419740036
2.21255698617086
22.9101181961264
12.9736096860457
21.702265822573
11.173550320558
7.84760643973493
15.2762146650108
26.5477378102619
32.5064902448944
30.5642343680234
41.4191015025391
20.9118041890487
13.3496559961195
16.6033281261381
31.2855450954863
42.3801030525669
28.7223727400591
34.3878696063056
54.6004249184272
28.5003844881917
8.34961831979696
2.84766593774173
48.4244135087196
40.0932422470836
55.713046835751
73.5986620010251
57.2330781487563
38.9385398148426
29.381030794901
13.2677236992458
15.1654684149693
44.8488297927271
46.6131711224291
71.2244816778705
57.8380619023369
68.2114148260618
72.7371217750209
70.9225095635691
43.0526618961825
5.3954685946041
20.2272562225919
17.6120694818808
43.9541978271029
56.2223416187493
58.7840396919738
47.0328852075306
45.2900009400573
50.632144491807
94.9388180889823
55.8009359654762
12.826361158886
7.91766425150885
26.2175949034736
104.562899292697
78.4996304049456
93.8426705373244
91.3171143110966
90.0126337557374
40.4659483364204
62.696539497255
14.8100437466095
8.45831822201645
6.68303804906229
75.5470127623132
59.5631854948219
43.03744780699
45.9534539094832
64.0114740852722
60.4106128512413
59.1470791434423
56.3784014574912
64.965622745963
60.5129186546337
70.0773189119176
39.6019132405186
25.6725239829906
51.369810345641
92.3700050801008
43.0596148943545
64.5544827041625
57.7821647139549
58.3641149339963
71.1675964146983
37.2396496948446
27.5845266101958
41.4549321696197
26.3724843042187
40.0864583257791
72.2677411558719
85.2515275960147
66.6308439034097
65.5095183170424
56.0293020998586
43.0747332494554
73.0057996370736
37.4317180679266
41.9500388724148
68.2103324457751
70.0196186186549
72.7445218541078
51.416837395042
71.2236349199558
61.2916069708141
90.5297546069529
81.3342790680782
67.3241100438925
72.3850954240444
89.8304900546291
80.4736819153987
41.7879746543812
50.5189955869473
64.9881299223356
74.2550583462858
66.8747790757716
61.0618753885174
18.8026691698413
49.0606082792492
58.1546047958779
69.2696420835232
64.9828026518135
38.3851531461177
49.4930862348746
64.3258439308232
46.530115514356
95.6355068416242
63.643186200295
89.1812483618531
82.3276012689127
90.4776226716534
91.55629120255
75.6220440360482
82.5759047483239
82.7068850272728
91.350693050801
66.8148287419622
84.8279392675677
93.8574540513169
78.8951796793207
85.1073029132623
74.8082438131622
49.6221891752167
80.9954991089683
91.3552072808403
61.3051940320925
61.2078872563822
30.8544815872496
11.0381942238296
38.1764484786381
66.4200251004207
80.9447868192865
71.5019455869861
32.8299329395464
40.169749586918
73.5102548943991
65.9482148208919
82.5505521861764
106.163131416118
85.1554447481183
79.8449095351219
101.091567709083
96.1298460548429
112.176210921332
116.888157552208
78.5754189157919
80.9084485325297
81.8282688147907
88.6174885644205
104.507089045585
108.729377658337
74.653598813124
58.7551970114394
71.9199117145242
77.7740914414116
58.5396211598876
60.6406048410242
20.4475052241903
5.24606618350819
3.65533897387668
3.98526347365435
15.0520276485143
54.2200147610563
79.0713152477043
64.2758474908233
57.2481077701481
68.006128944894
64.3084133838515
71.8105611721895
96.9198432330094
93.5786611858204
81.7355473681186
89.6637346550037
56.6971763516388
65.8287015869754
96.0773741450059
95.438980014647
75.5851801582002
81.0087524397969
62.0150435905188
64.3197250524988
115.567693136462
114.388422472432
86.3280450668886
75.3187866851388
54.6446004556682
76.2383172471764
68.4277947354481
42.6494669710158
22.9952434692776
8.56121977442053
18.2773153709076
7.77635682288399
5.70311946516025
12.6023199625194
52.3542459577593
62.7361052161611
65.6749277573441
53.5053291118811
76.4826804670116
79.4483484867111
89.0866424241918
91.5210049690436
55.3667811998294
64.6246831324568
68.5735953898923
60.5555593873446
74.9201141885419
70.6038615413115
86.1768603194306
74.746991935382
63.0450069048539
73.381391684659
53.5287565212932
71.5973367577148
95.0326179945318
71.5616879663214
84.0435274588579
72.4249233880213
49.8072348133264
61.2629073169654
57.7171166069189
53.5502744453832
55.5840222422862
11.697811034751
10.4686395040654
8.85534326955522
8.33100296960007
11.6487783515236
39.9690331477102
72.7451722452723
48.5550481464984
51.8522393141395
60.595328634325
60.6077199433791
61.8970988208532
66.00516432929
66.1208094976688
62.5355664078429
89.8836063639443
84.0377923348225
94.4559732027397
66.1967207401472
76.9413492222601
94.5318821455104
72.1991903606201
63.8157544419098
61.6609389637631
61.5065859491534
94.3526357748836
88.5594903656343
84.6613814436529
61.4623138150671
33.5383024312128
49.9509596563065
42.6022733861826
46.89322574083
37.7992851929883
7.20781019455699
10.9912117747131
8.22750673105432
15.6914813263228
43.0161466465683
55.005909191748
58.9559176275826
53.8370777178423
53.521371083599
61.6462319939598
94.3766515085566
64.1794674724176
71.277895796042
52.1809794368928
91.2776226602612
74.9491277436813
59.6689697748002
79.1640421372875
58.4992102004804
73.2357907969907
46.668892473349
55.5812937585104
89.7918698694323
81.3318367012896
93.7177238617962
74.725807098318
49.3530280573145
75.1275035106053
54.5148633826416
37.6823680252774
38.4228975453276
12.3409445756486
2.6134260134298
7.96366563059048
16.0333353945951
20.8451911932751
26.2176015187979
17.1676664707625
12.9373249554014
35.2244731146119
34.1651125876114
55.0795595191906
71.8521179960051
83.4183985484017
72.3675142576083
55.928464286946
64.7246786620184
60.2134224901672
62.1183404453496
69.8669158171086
75.3291224022894
67.7464023075698
44.9668579041955
66.7876077390366
74.8706866262827
78.5816748744075
79.0969209526468
52.9703385475082
24.6588799980082
24.7719947478766
17.8514063681191
33.9100597286499
33.0748453711092
2.77733179136278
9.25444932929662
6.33783012767424
6.00106788738485
28.7862971506227
32.7226589611237
31.4418650503587
6.98058219737087
7.35690179454706
23.6430472551801
69.872317615443
67.0764027769646
81.6295313056453
60.5117101353365
75.9155941164741
63.4672662367013
46.3998208054374
28.8631639288366
46.5795395569813
76.7111298738572
68.8783253490454
55.7189203392252
61.6516172568322
72.3987103559729
82.2783516018145
42.2497675863005
20.0332803701962
15.5978100529311
13.2398290802186
24.1239255303668
17.5082381723711
33.0791124019687
8.34559307560967
7.06825219402459
4.29077552944283
8.4940123172396
16.1294602412624
34.5452898131638
17.8058562144838
15.1746893374966
7.02397530290884
28.9008955121979
31.9788559906472
49.9989167093571
47.015555166288
85.4312961599684
60.297452678324
48.7954819000302
24.9897850848985
33.1137534725329
68.0733233581292
72.4179175996669
54.9864228299293
50.9407304475739
50.8269698360436
65.314215206157
22.6227594074755
12.9736518094791
21.8688626736068
25.1491196968655
9.47518331536958
2.72748757584069
1.13233739030124
5.77083621686297
3.64577097111249
3.75088201531204
2.31648205715077
7.01725054907604
16.5152468861942
12.6300377227095
8.57598964014396
7.81619742831179
8.78887923188095
26.8483029330029
52.5048488003017
63.2561503234242
81.4313134542668
65.5130074311119
66.9876962134782
72.1581433624194
64.21760158091
65.6169351788783
66.902887934243
77.6942076102595
60.3666020863387
41.6878397124618
40.2243225996133
17.0636625635596
13.9771516159778
17.8195454845353
1.73147501506135
4.27339047976835
7.78136393147765
5.36646767750099
3.3033437884795
9.8336270506804
4.64140485919948
5.25996100651419
11.8007985937181
6.01220204198985
3.2061351488316
5.05181726306176
10.0288426754809
5.144894545331
22.7967208998553
68.4568831556446
73.1775477045503
61.9381432962714
66.7637299564292
70.0183877289599
59.7182094880767
54.1857058344895
62.7443755806805
56.1539645682187
60.0340745932123
59.6886022953865
43.6807852006716
11.9209744641331
5.6645557081384
3.10211385962498
2.32376965076755
4.71414220670013
4.15227450175144
2.58433646275468
2.53160572698606
1.6335684605142
8.49820950898019
13.9651238142878
9.07057742690678
63.7702014175998
70.2292911908474
65.8064795573717
67.4735238567964
66.5214825334951
61.4259769542931
52.5441821600683
47.304873991162
54.1382431243468
51.4225316712243
40.030189825645
8.82824656824861
5.85708259903005
7.15790715735339
4.29245659562524
3.35302633446518
3.44820956846279
3.48376492366094
6.3055909968918
6.33280191153641
8.19365980696389
10.0147260058746
30.1800018131993
41.9899546529514
62.0001233032449
74.7618326301877
69.2833803087117
56.8898119426757
69.0821722802711
69.6354081822349
52.5631520314412
40.6366809175965
22.0333649497638
4.09664335081037
3.18696613044868
3.31903274345243
5.73426469258798
7.55584911484987
5.39822273275396
17.8429566018012
17.9028342724519
18.8293176363608
40.7880573189642
46.6858656102034
40.3720120358171
34.3790975464599
40.2377828899875
45.4985789848758
45.2342692524855
23.3516118721968
12.3518589135986
8.89156002585119
4.03534577576093
4.65508825702178
9.50078925376068
17.4983600296955
18.8709164390148
25.7735092624005
20.910683082733
17.9354735414349
17.7754418609399
22.5052252089355
26.6207722513012
33.3634719728609
13.2443952682697
13.5364335541964
7.6628559140517
5.99359991002863
2.58628026918946
8.38949087723721
7.38868252808165
14.6105966178162
8.83258945796467
1.82010111565752
7.3832222172391
3.17054756367829
9.70266483915183
9.26643341546451
13.7099942370836
2.64586884135578
11.6887400056434
5.95205210943127
4.50873245449295
1.93580113873411
5.27187650900084
13.083386535221
4.5912495241
3.97775728060531
5.74228162538199
7.31677115183321
3.03967791227569
3.6213059177255
7.069318756837
2.87428373814208
0.951588059729031
2.5152218777032
1.48831052529614
8.21226169439422
10.3540707735064
24.1844968328572
8.26633586738022
7.03568390267896
1.0207854451254
3.94108242304516
3.17960473570867
1.42197694966064
3.52606654931636
5.75699972841357
2.83653534072018
3.8136239318742
15.4765038121905
18.1073409328872
30.0656965410906
4.74230861395678
3.57022373400749
3.47698637033888
2.71170941927451
4.51900200133085
7.6679390132157
20.5971660774072
27.6564744242602
23.8802196072405
13.1240628165014
10.3538545113599
6.28563002970369
11.0259792611902
3.77011175027333
3.44999893830365
1.78740356440785
3.88025404114863
2.07837594075209
2.28521982559665
3.97048298186977
7.35328518766371
14.8642490141833
27.8344032732606
41.3626327721187
56.6869801125281
22.2651446161132
24.247684506914
14.4237513627232
6.4372752146047
15.9950410820708
10.8874076806316
22.7986450327647
25.4313344768529
36.586910638556
58.034027917652
35.187740668547
24.1619964721596
19.1393823373311
10.5841667597161
3.09932390239483
2.93204946561299
3.59567565870063
2.22766661103141
3.42907576454737
4.07746920836251
4.07656549762623
8.74675985059334
11.8842234083729
34.0470885040403
39.8446901015987
60.2434833539566
55.2463743200351
50.210851653767
14.9074488538228
25.4960187003732
30.2879737381768
36.4696304605923
40.7189524532956
26.9426294687795
25.3395010132685
17.5617037574506
14.0363439138725
13.4301712780785
4.66312808244409
1.61832396057656
3.89336914182916
3.13350566891367
2.00072772206446
2.6414353305767
1.59782878958319
2.09035924044884
2.57428922736082
15.9551446787834
16.4503084478512
29.0357769965093
28.1384656354565
37.3685953728151
39.7443489214425
59.8317772719711
11.9006005832761
6.27752344749125
19.2841893560945
20.4713793876613
26.9132381717431
28.8381482240448
22.7880955321561
10.8760165936662
8.31960039889216
7.70409745288505
4.7812310453573
4.93072383472682
3.41364998021073
1.84232580335359
5.05725013456599
2.1739764219173
2.29843212028474
5.58352053113809
5.36356741152412
11.0763997661918
11.0885744153663
6.41693029338166
14.7623857280428
15.3738300120282
6.97605361018578
14.6161490938262
18.1066254673591
14.8562929168033
11.073415451131
8.05762365720324
7.18631980319071
7.05668373568191
5.17899752072097
7.39548904611493
7.77375298207559
3.6514480219812
3.16582542809786
3.5449223535718
8.74210924492891
7.24549084922641
7.92843871096283
10.0537517411728
10.7220524853057
8.48793603095294
6.39848957545484
14.4102624092448
5.90279704164537
28.1819533031757
25.4692348044947
9.32622500937343
10.3855730509722
6.70838139358273
6.09596688240507
4.94380151981111
4.41867126323635
4.40952888243469
4.73691813331701
3.09949378580451
4.52603221199092
3.44862980196525
2.92095733495268
9.3800972820226
3.77442960425556
9.66165588710676
7.86389181589898
2.35634641912706
25.0289637508394
30.1558305925123
22.639642171032
16.9775048526116
8.25959543500743
8.75976262665578
7.85546773876349
9.78989438624985
13.997053185974
6.63432924125464
3.16009349941393
4.69644817099471
2.33702961902276
2.96759667712361
4.28514926286477
6.37305779819809
6.16615044984222
16.6619970674126
33.8629077001508
30.5649503092984
35.3593426839669
18.6945023738229
16.9463319640324
11.9869389632439
13.119076200065
6.43092105446993
2.86975809622837
2.55256916152954
2.7283221732144
1.57406649663657
3.41751853257764
15.7251576554548
23.9319773180701
36.7453132970913
24.5696762344128
30.982175929924
11.6615340017478
11.891288638042
6.77392796868971
19.1609820993067
32.2203330771205
34.9805298798775
10.7313710647799
4.15692115920732
9.36593851674402
11.2956312559117
8.88415350143979
7.69979945610928
9.33923272592473
3.00916429952501
29.2205298558182
31.3821975033178
54.5307563036454
55.9288842075847
59.3359902089672
13.1685413910182
11.1715424491652
22.3862695783478
21.8247852858499
29.8556791023694
9.87154082751185
6.42166423552533
7.19786967226814
6.27764317891815
5.53528341018042
16.5838756219646
14.3973536831768
29.2020669388476
46.5647723782411
71.2519148589158
53.1668018143137
50.1006710124113
33.0242515867497
15.446850323132
8.73521074776613
8.11460620209842
42.8128388359257
48.6815725915932
90.6586247995915
58.9565412839752
62.217948894109
48.5491802636371
16.8939108173017
18.9632685399869
13.8049927733509
13.332023407635
18.0541378242183
47.1289961087531
35.8914612936209
64.8488153228061
27.9449154824724
44.9596237320021
82.6474985265887
79.3063202087376
77.4578571621983
68.0713137981512
35.8756102260176
16.2218191123517
16.0687052583235
37.2848982521367
73.0380995114208
64.2495732902466
48.8477115219153
72.3037259619672
60.1987338487642
70.9264525139721
51.5748771876959
33.1887888164565
26.3635916563619
22.6660313743082
51.7278991934295
57.8069833026992
70.234158107295
74.3617812538429
62.7207760122575
59.9274006355827
72.0851859583258
69.4280011555418
74.1612524210805
98.7185644236683
59.6678030521713
19.6564576670908
37.0507828943784
66.9234175188006
77.0377029713601
59.0373896182302
48.3347583793688
35.8650111682019
82.9613171540947
73.6933212751192
68.0512535210695
49.3988812287207
58.5619164556614
70.1611475449915
69.5492670340892
26.3161702883356
69.4996539267387
80.3359216158499
50.204410247588
56.7667252340917
54.2749958140337
64.5088659547681
50.5705423638175
62.519861523146
71.3756885902534
65.6989591519456
68.080576041243
56.1898996180068
33.6622552194823
93.1832479622954
107.856583370084
91.3353340390716
105.76188389368
66.1501536994891
73.6184685178651
69.9296102657128
71.5003243259596
60.9086288955979
54.1579108618894
48.8933079778752
57.4955387255579
74.6868407028144
70.4933205579454
37.2706179403895
79.5364591771432
51.1551701346028
74.1021928657206
49.8442078512739
65.1474162090098
84.0550862690554
76.4427001733917
86.5384135645589
76.1439530687256
71.6067892642745
85.9765290932738
83.1609820255055
63.8883676881958
61.1485943361015
80.9552679943264
86.0887235345955
70.8576496889981
53.722492679768
65.5696075803569
96.0589292232112
86.0535778136204
81.9183335166804
85.8197228049685
59.6733635430497
81.3416367640061
62.6409677246948
68.405456829113
74.4909801662555
42.3938046525365
11.7226830937567
15.7284970133205
28.4168446591226
57.4857495327198
81.1107226889359
64.2440254672985
51.6189389794277
60.0911563865381
85.5815597450053
68.1613013128985
74.9241927052539
79.1430136727491
80.9499005621902
87.8159681753504
107.536991866538
102.01445354697
71.5587276717185
106.166025581077
90.9514044244436
102.049278027214
59.5148384115877
97.5137896361465
84.0416556044147
88.3648635822015
73.6405396492985
57.8483883008493
84.6822556488122
71.1660371143712
75.1404032316731
70.1717972623813
40.5526393547694
12.3179628085493
1.58952160438857
8.6521401495691
16.995776350842
30.3841134923226
53.7953279336649
63.2695220619036
45.2118045946869
55.084263862277
65.1961355329986
62.8496711538815
57.3112405121732
72.5792808255134
69.3353700354184
48.3423139436708
69.351634924344
84.1199361222305
95.8313157195441
87.5927648075354
90.2476546632834
84.5978987766231
82.2691107432389
67.119515335094
86.0805567045809
81.659977233931
85.9793498780548
65.2344200649346
45.999821691911
50.4469908861651
75.5654903003357
57.1938332328209
89.9208306663559
48.8377849743727
9.11761778682945
9.65205801398207
8.65106636005085
20.316749215806
25.2691932189253
38.0333528681856
80.5596254611356
46.1804318467167
41.8977725407052
63.8092892539211
53.2682861021368
59.1440180715844
50.754920034893
73.4141674833715
50.8336753468141
69.0172479482027
87.1729036637242
83.5595934033829
90.7623461500549
87.4055923994833
79.4706737775536
53.3447602761469
56.19636276544
60.4735545420302
85.094673679746
94.6291650267502
72.6854016288451
67.6571476673322
55.99819084325
57.6635150709749
49.6605253221431
84.0832629164535
47.2913394478364
17.815476602413
13.0098735039432
12.8873759611236
18.2308153833099
21.9740891453736
60.2286928111537
71.7495441397644
69.2915291126727
70.6693430949999
53.1606107808315
47.924182320069
79.6822607592575
69.508999279912
62.3180148237493
56.2920022844783
73.447013111674
78.8046409107827
84.3536044898026
54.743238686235
79.4242823652198
80.2105711241038
92.5203877433145
76.7777824622881
68.5869302035399
78.0676804284221
62.1430840433083
83.3561620391175
65.2224829345606
78.6246872986599
69.404045763307
72.5378207857206
74.4685096119076
56.9137180615753
31.4314092047856
9.57795880497466
9.3734876584981
8.10265045354166
11.5337878855866
19.5343469836317
47.9248352273099
61.5859676144955
89.6232390320535
69.5554961643125
74.2967760074655
59.4877469330104
68.8584506282993
73.2285857976122
67.6819424118354
76.2325688881526
73.5649081905454
85.0811086810639
47.2005316214001
48.1169289561314
76.2988639883648
86.7116746771568
95.2453698211133
62.8160748891487
65.8807831881498
87.6611032427067
74.1776284413712
88.4645241705779
66.7439568538439
87.6579703566592
93.9014880093217
109.25782642502
58.6625446906691
31.0550841330094
3.7615284752363
10.5955699932917
9.46305937252335
19.3276815715343
41.6489654984011
67.470203579728
70.1979863373071
50.0058409876892
78.6657900830576
46.6153439085489
62.9759016869857
78.9660951184577
72.3939051041831
70.380881376287
65.6846570536595
76.2250305254811
40.7540138452974
50.4182942558395
66.9422140683081
66.7062438883264
78.7256733927754
67.572323956776
73.1999688084355
70.997879446454
91.8200691622349
72.2728833932624
72.1217555076019
47.5409795611832
71.2084629874602
70.3409338309419
68.0114620400432
19.922199516961
11.5089993024979
12.3552394378757
9.39653792113704
4.72401097639848
26.6330925855604
31.76791376621
42.1316041816376
44.8837823019091
42.4823951090152
42.4124559365755
61.794694581097
83.1597100860863
82.3568170303377
82.1675144922177
59.4092673973639
66.6452017068512
51.976808143991
33.5091784301583
46.1024133694414
55.0807257812727
66.2486180712394
73.1373933715185
66.1596919519505
67.0844009831777
72.4101495885697
65.2632492764201
55.302442136737
64.9995424394388
49.3730936309774
49.3125655635959
38.9450537704086
15.927115100354
7.51515053331964
11.5257308199151
5.14717080593437
3.93911251488948
11.4581906673873
10.8066502647038
23.1835402162542
36.2244967269392
31.8453122409014
27.4431603882907
36.6419939517953
34.4802104741697
47.6296983740429
56.9623067596603
68.8239495452741
71.656159941133
55.5464731918748
28.1786567295853
32.0287018352152
60.1307860356445
88.8629828383525
73.2273851139954
80.3569105778866
69.4880643428886
74.0368131268789
64.9608137930729
61.1444388515047
44.8234757989782
24.9141455927499
16.8174371796419
9.64507146818771
8.96406873711534
2.75863571576848
2.21970916866008
1.97467680353876
4.01287671761323
5.18284703816775
9.23258160117231
15.8910052171875
21.1659297007481
20.7730039021428
15.977959587309
27.1932802233063
55.8739609920895
62.6289860226479
74.5628022472346
63.8716144290317
63.2505195426138
68.0172889931703
65.1874119042612
83.9428372607725
74.1187816705765
69.3214413972233
53.0064347897603
72.4596274914142
46.9128165690835
34.6885124006316
47.0912488864977
15.2091704537132
5.8744243306277
6.22207397406386
9.17263465163162
2.21687252560308
1.55268094799343
6.62533725673648
5.87246868321211
7.19818158449724
1.59126383288837
9.3444877431746
15.055530431235
32.6044456673951
18.5992868306906
17.8313246951611
40.098538597345
61.6654278836339
70.3579794204948
74.4589280001124
67.4495160685252
70.7734103027983
56.6427251207576
75.7114448629142
76.5251780529704
66.4584299745284
62.9929104618663
65.5426876777318
54.1629189961968
20.3205435675699
14.0550780282489
3.74008661220619
3.37363411853376
9.27049321842282
4.24964244016062
2.78326892426531
2.97827213416006
2.78196232252275
4.94617330538246
5.77681030635425
14.1382748900938
17.3762375703896
38.9626988748746
61.8604567951905
76.3795072544672
62.1363108673097
67.7578334363907
71.9789900535853
63.4648128699253
61.7260892763912
62.8822790690797
53.0370632950985
49.2095502472286
44.3704157136811
22.1699533103735
21.0552505674772
9.06656371013985
5.93954097494607
4.04213228012196
3.01528791086102
7.45683311451162
8.4490856742119
14.9042116011455
22.640542731165
28.2760244593423
61.972790160565
62.6694813076571
69.6432027859333
77.9454364800752
74.6541960722399
59.3293223189201
70.3377804257826
63.5939185273538
46.3842918079631
51.2697506521817
41.4599273634349
19.376248031085
9.6401246737162
5.60335728789278
6.49533995517319
7.92176406262612
13.3417845038945
20.2228434029006
41.7331834486799
56.292610900473
66.4266907450113
53.1116641900338
49.3396806644504
40.6335492811555
58.9834499173631
46.0710282476198
54.9124171083415
40.0000765575072
29.1102022558795
18.4138631080694
2.26969813232865
4.6256173025717
2.70744266723409
4.31718452067115
7.76007800641177
5.44289272097155
9.3651998795389
30.1751260514421
37.3326837833808
40.4701976749559
31.1832901459503
21.4361416295066
23.1015646764732
27.496157843205
30.8122040866889
37.7572471351233
20.6292761311602
15.6236446889994
25.2846865042108
7.10897308158825
4.41992574360446
3.95222423501814
10.265808914959
15.8492342541998
19.982280727759
19.9545706752866
3.93812408742499
6.32395998035332
4.74868579839836
17.2163229386755
17.914347882492
10.2791470968156
5.56957281792599
4.99398395725295
8.00689173625142
3.10786817646868
3.68234828615098
3.36835555536402
4.8863413930396
7.44258377409024
9.00374256888999
9.30586354084966
9.4309585770804
12.858921701402
15.2839628503408
6.0267315080232
8.36849435847801
5.1479042579277
11.530072865279
14.34885030051
8.86499705667785
4.87572240256271
2.49551381034662
6.62425460055543
15.0889954060302
5.60539746769146
2.27042049258988
8.56881604202961
5.30937078305603
6.59584956258927
3.98708696889274
4.29139335095957
4.81190365148738
10.123975654542
14.0786211202425
37.3307375202818
61.0677227133606
63.3069145844387
19.2324302246985
5.15102954656453
4.85658810189794
6.39462082050751
7.47788897930302
5.50332851878965
2.33756126655611
4.92226226867028
3.79932184570852
5.0092720850306
2.76814547759524
2.81231868172077
4.30952529011897
7.14752919290754
7.01880742800009
36.8116924959833
51.1002555911017
33.2724750267317
23.1375979534279
14.7169676951298
2.96460106663171
2.31305871519766
5.48074127538171
10.8580413143165
6.53719206013174
6.10199928100366
7.78648943731415
8.8658785032845
13.9068083014994
26.0689794400574
36.9145730320581
59.4017709205125
48.2439720421117
39.4458003783215
17.0013180611048
10.0904908639121
5.79364057220888
3.65933740660711
5.53566498660933
3.37588076507038
4.13640723188576
4.61290759422369
4.40218590560292
9.82901350558838
9.13900456998889
17.2614790282514
25.3687062302171
56.1662247357335
80.8016998714863
63.5197550524961
30.6150504459973
27.8060659086387
12.8668475478271
6.65979040108707
11.5592335448407
10.7043891581989
22.325323322437
28.4161349334389
24.9341859277273
25.9938811811068
34.8563579287287
43.6562244081222
55.6881391896181
44.9263208921678
41.8214482115946
28.2481026254279
13.7749682000718
2.87262693055759
5.68698681838518
4.3599137231676
3.54231251123497
3.52625340910415
3.34054278531926
11.0261358868986
19.3577525796348
24.7164718035476
37.2535677104127
37.6674573785384
62.4322077796769
67.4351862977189
34.0033155764057
34.2965191675201
13.3673727734329
13.1096899512054
15.4302058468182
30.2643216732765
34.6165538322434
38.1773411881914
34.1732276930479
43.2938945342756
31.7299555907005
32.7738836801413
24.4110128246797
32.6187801170042
25.4383166316663
18.6416195581087
7.89699250035466
4.47175620480235
3.78458738855482
2.78112207796031
5.95007231596128
1.00610002184058
10.2938079774878
8.40105837573005
19.6356056846826
12.6639788579421
23.1607119276595
28.5132281621956
35.7950768041789
46.7583934126113
46.2836205680073
15.3481374665402
21.5354108377216
35.1901777248599
30.390377927484
41.9781591873744
28.3132885732078
51.4616267398697
31.0059710958107
16.2729959615031
14.4311725307918
9.47719906101644
19.0068345968035
26.8209587542102
19.8270944806529
7.58860265381954
5.37723520663589
4.9200020610612
3.4426360951189
5.18966530562868
6.25332969730919
9.32262054088788
6.57138983766483
7.08001946362044
8.21401584695883
9.0963811730205
10.6069932417828
15.5316961343435
4.75025911319426
14.9663346139704
38.0025430141326
30.1582622248513
54.4187074707369
30.4074300094891
23.3275601837695
24.2821791003033
8.43983394759796
11.3552131737485
23.8124316605841
19.2382485257595
10.5863276865359
10.905295360448
6.33062385557167
3.89979235393032
3.3075374872016
8.67991598564915
5.01704017091251
9.05108203341376
5.13293701559263
6.60798748263219
6.48385643527666
10.1843082640269
5.86632596118989
14.3933617046985
19.9847284791348
53.1924313984614
52.5570066729085
33.2918061889928
21.9603992233175
15.5469769040801
15.3253322879289
16.3013135145693
20.9586633482288
23.9072966785097
26.9626082893407
14.0186646685064
1.73119054459377
5.02296891880039
4.26330366679378
5.16293805561459
13.9257956711601
9.35379269455497
12.3529437192631
9.98831766387707
10.7245715146406
13.2434677584117
9.52345095217523
29.0801490094437
52.2362027712048
25.4644192086151
29.2056662335442
16.7262548967954
18.4300205081873
21.8845092839664
23.0522080222009
26.7943264797371
15.1845885969473
4.20643701952713
5.42632384008826
2.1864461856562
5.36138277269955
5.62031144781135
15.7555310334581
14.7611041988822
20.7321569805569
17.1783762952925
16.0014005867285
8.53164004819301
23.6409656955742
65.4699662441972
53.1891345846309
18.6672254229135
23.8125852457492
28.0474335602332
23.0238654169894
37.0759004896116
12.4630181772061
4.16098773511812
4.82345448700303
9.49280566612376
12.0134412733118
11.4876780128829
10.7807140105585
12.8035917162551
22.4077957707029
62.3122293080402
45.3137324663811
49.3561551651901
24.3818685485243
42.9182371857231
18.7785112683305
33.6583128000268
5.24035694642589
5.0471777767664
4.70902241965238
8.70061513674062
7.2283809843185
6.74297844300269
27.3544963446835
39.6066109970612
43.4990428544124
44.916014042833
25.018629544418
11.0158919675015
6.29036879973787
5.83371084224223
26.9868623418783
23.7199734989358
9.16274780091103
3.20101705106279
3.98129470628938
8.87338296808256
12.7746106463874
14.4337624496311
8.99947689496452
14.7412188683502
14.0819932974492
10.4503406835241
8.61632720720091
10.4621967597396
13.3627590723602
12.1406042794301
25.2327429681996
36.8533869868263
35.7732436857057
32.6512183238555
34.5164712948536
30.4750529960501
18.9881656051445
11.6522448445049
15.8438379472848
19.1355992872147
12.6358817393917
9.20978649665608
9.34673691741968
21.1644465363857
19.9954617731603
20.8867831726929
6.85278365775083
13.1895852063799
25.1949414860989
31.4979868934457
30.1577490358214
29.6525298482019
50.8898108886555
44.2337262876514
32.697084241583
29.8883357786305
25.3628127649257
9.60584287862046
10.5622624161433
13.6630224536198
36.0743250687898
28.4613460409833
21.3190939621579
31.5790103662223
25.2579875456332
22.7052951436128
57.0728871096545
51.3995839384134
45.5336812300381
8.45529806685477
7.40493077389548
36.2774341588899
54.6327402249878
58.9744497932311
75.1318710894307
37.2641352955594
41.6275555692085
69.8767838630164
111.175420908611
66.6390551137941
41.6877265192737
24.0772112804787
24.4741017157004
29.9759209792792
36.2209806172236
45.3339859805088
51.8061626139026
53.7096787851218
42.872156807202
56.779522283615
46.3626743721087
44.0228304518988
60.1483247361983
65.4382345679256
39.9715837013838
20.5733019943587
50.4507209971442
57.5035499834799
87.730928153217
58.7011698485658
66.2736092227964
51.9261735105292
77.6463933465716
75.3779561438899
54.0395696990467
86.1475423705481
84.6707028902853
54.3656795977632
69.3724652513942
54.982230887893
38.2202743092451
42.8167247979287
64.5248520271994
56.2795939603041
115.854240459981
93.7499818885793
93.6558004474536
55.7162586517099
43.0265333451422
52.745656168787
47.0956130764132
17.8645685882544
3.68340522884833
36.8720592803908
67.1527800430224
59.7214804109534
62.9153668033559
59.027725574598
69.1340891839904
60.9278249697144
83.2961543833595
85.7255207912867
61.6555008908174
61.2283015921888
60.6627632593323
73.2575969463801
58.7616464663108
106.432541410629
103.507606182949
100.092442698195
87.994941365231
76.8242541194609
63.7425789638818
87.5001715289263
73.5259473547959
62.1575245488103
42.1648350715303
64.1499696318734
35.5622426706074
63.6577476652501
43.6801410233174
16.3489544657096
27.8105835271049
36.2388404391897
58.9365594797748
76.4569360253995
49.5706910768985
48.5028809621318
57.9115254422952
100.558462989138
99.6460866911586
90.1783656751282
80.1010446295956
68.2896764067587
83.8761652753019
78.1665886510881
71.0657663863433
100.744838629862
82.7657544079647
78.1141519630555
68.1263084189961
86.2050980780942
101.566162904128
86.4169763705219
88.832118542434
73.4356767313038
63.7162231849219
59.3577007867407
61.880658723803
68.9166991515351
38.0502645319915
15.432890277341
4.14851421702955
21.6814669489808
42.753477076876
75.4198220395057
86.3359444086308
81.7268577376364
75.4669210519071
86.7259688941679
84.9459454366294
90.3212916176901
85.7971631010066
72.7902588254707
61.73877135305
102.435598409836
71.0398969460346
44.4385081654886
74.0122338809086
81.1796574986099
74.6131414983406
77.7497813180944
97.3218932755897
69.7942990688117
80.5871134782192
93.2671737070595
79.9787871866737
83.8391427514912
101.831338868862
75.900622088537
60.411690053713
28.9179610956442
5.61835010791433
7.27906541435514
8.63208117854577
6.01439152106893
16.3371888642039
30.4430229883738
77.708735217852
82.4241916225024
58.7971222550705
97.4030280366754
96.4891462024638
81.0515952579192
77.5201806620355
78.0786935065954
85.3255372190349
80.7773558329487
99.3631017471882
77.1814626508348
72.3211967235716
87.9476736110219
90.2395024620964
86.9679383609617
88.0528112880514
71.8551752250332
75.824485675365
90.495063009004
78.1059284030475
90.1569034609805
69.9889100133328
84.7575932600245
59.7472218675501
87.3025018906685
35.1790103311211
6.02209350458837
6.27202595793593
7.69390451751131
8.33624460489462
12.5501767282326
44.8207818453842
106.342167476147
83.2690568375074
81.2551331139987
77.6559647545252
92.786542563492
84.8322912085661
68.1501889823319
90.3247951962561
64.3944708361647
87.323208113105
71.6287878885288
92.2074748287299
81.0192509328028
79.4689259655811
67.9999108534744
60.5189997637737
63.3744755746402
70.2262716558341
75.2814616797704
91.2902369906269
87.8205861745869
97.8869016749678
77.21072764154
79.1806565229757
80.9395001186006
88.0701502349738
70.7553944356028
15.3674731903105
4.46951878435185
5.89721770672188
6.08091573189858
4.97729864420279
25.5084681192503
44.5133746278253
78.4600183082408
90.761960606718
74.5901637943847
69.5070921821243
92.8177163414269
75.5452899278715
76.1804307873736
72.4230633411038
94.5324737894009
71.6296161738255
65.2846300449512
85.8573988250387
67.8228473290182
68.3715960310424
73.1101746375499
88.4836175286704
65.8947939114233
94.0485749488099
73.5560478924152
84.9191751881031
79.4163783248654
89.8528317561318
77.1315749770429
89.5393415071043
91.4574945989456
97.613316435859
56.8151212496593
20.3934957597335
12.4914721453889
8.14956102751579
4.37324219181146
42.1140058872994
51.6805567228085
81.9801151312007
80.6239848327786
65.0894633619341
76.5413270326377
62.7958609154041
61.989154595656
58.7404661224061
71.4864756148296
82.5083121871572
65.3024648085093
60.5824780146941
66.4988289427889
65.8414149124058
56.0603892792252
58.0950613684754
76.1948758471485
74.8125216860307
74.487686404365
76.2052371726835
70.4391042740187
59.4762171644268
87.5468550871996
83.6940196579343
85.2057099949643
74.5105983752643
68.526822569106
29.7577371064015
9.81766445879679
6.61034320839911
9.64219555607938
10.5085372971978
11.6710728116502
28.6304921410023
48.1046867589606
67.6321432669615
64.0550301668036
97.513077882423
68.9734082933085
60.1177058336741
81.9966610310096
80.607366320867
85.7499700683737
75.9326747343982
65.4377526595034
53.0906264586196
71.8669230739026
50.5090511350644
63.4370276126226
76.3434477729188
76.6953017129822
91.9644466616153
76.5282068323033
65.6951033815607
56.3506282672519
77.5016911410895
82.5428987002378
88.284321543442
70.0769606007731
43.9849175805266
29.1064985609905
5.44277244800771
8.56715740785979
9.88106164044717
3.71336696690469
8.80581498203592
27.103808808923
48.6912522317358
91.0964361425176
57.3610305371763
58.2542005010908
65.1357930016094
79.1331142614938
83.56239756699
74.5792392339402
73.9082878295858
59.0172246947679
38.7626322037259
49.8065154001374
59.8959567916051
53.2509768392974
53.2493700831793
67.373588414065
76.4514223828337
83.6194857287023
53.5506711670938
67.7604702560908
66.0730489971214
53.8137119976997
71.8866581794758
50.2800935525467
23.4349258773268
17.0090889353788
6.25703380259452
6.55789013938406
5.49375447851522
4.76305828272358
2.69868059268383
3.23131196365948
9.12318150008103
26.9387462631447
70.0239279504715
51.2862006346347
39.3752804057268
49.7002855789266
55.1906366708463
67.8371017565831
76.1477267076759
67.3590848216392
61.0375898534658
49.6981057702538
37.150930410461
42.5977953865091
61.3138942285933
72.7434616028408
69.1540648610948
72.0057428695816
70.1013850850008
56.8018591304399
55.4677825868176
72.3121086289264
47.9165351545853
49.9778097331239
25.800090772161
9.9525910636494
2.85815662644705
4.15928146341863
5.28848480233391
5.54585145123497
4.86628444738412
4.27687906630984
3.43598023694984
12.5268202570117
17.5054997519304
25.3396475845251
54.6954980056209
49.6407807956227
42.5101231789796
39.0485163777113
57.4232046659726
60.3737860574478
65.5848483016381
65.8151756690412
81.9126429471944
64.4853161102898
60.9176568909379
76.3964280841358
76.2322964629151
69.5560309379569
58.1487873576082
57.5214624598292
53.2328919993159
65.3976655305249
54.7760048943623
35.6864390012595
21.5175136209197
8.46486023377267
1.75948111782608
4.44784330038645
3.64382639529853
4.06448271470863
0.733148060367196
5.40509540126626
16.0762064203547
41.5174425781501
54.5595174695908
60.7828147344026
53.3823370562474
62.2897975033851
63.6101711096671
69.258409335894
74.4693871136213
68.6483178649296
72.4525078849695
70.9963826219681
76.7672421925785
74.0878843248632
71.7989712586282
63.663986741205
69.5580253387001
73.7798839138633
58.4127654309509
36.3131727365431
22.1446119379176
15.4401407836324
5.54699458450652
10.108797469797
15.9375972354575
28.0444618173836
41.6959657337115
39.5306916144504
54.4187388150008
58.9866215342131
58.3500851309996
60.9755983360932
68.1809356732557
62.8168107474168
59.6559315263821
64.1046868456155
58.5770883435841
63.2488828652021
54.9885541580031
45.2103158834163
38.3209261425208
27.5359720268318
13.9931287828137
5.10895660573533
8.56234038869522
5.85788506953036
5.74843162062582
6.46409122605051
5.04795274235705
7.53052148207234
4.24911629856213
9.976545876473
19.5475444227027
15.4092048639872
33.9086322153364
58.5419452566492
54.826151775053
57.4946073804228
66.2038460669041
63.3557056589086
63.5855976669779
53.7118390909364
64.6041287659199
67.4900399443322
57.3372455957061
50.7514034119342
22.2251766291876
16.8479774444769
6.29838448837379
4.37732903725197
3.29904665933469
2.83698186989865
4.7138701511733
3.6155191447319
4.10286688176358
11.2506420274567
6.54181443135692
5.01167796919333
0
6.04981528932084
17.2534145888805
52.2198141586071
56.0689757623909
76.1388810519632
76.4770216631204
67.0381370560939
60.0714229850524
68.0830772556513
59.8897960937616
56.457151408478
49.9967636184463
46.8652800556296
20.2191924462671
7.05505883070726
7.0903394713457
2.63896482259807
5.74482827539137
7.47624911376281
7.64016961459103
3.86047058635553
5.37075671119986
5.87017132174951
5.57422331908486
10.9517914126271
23.1045031662726
50.8763417072237
47.1136496263759
51.8524819469758
38.4657313942334
30.708339956901
44.2355184270801
55.3489353158917
54.5915464387193
42.4236915243582
18.4207164711905
12.7354608674072
3.60382346765982
5.41399757158481
5.14286289676666
2.78289278025381
2.86188440828904
6.01973656203858
4.07799946741035
3.76832953690937
4.7711867770732
5.12052664895849
7.28677947220884
4.1282871457036
8.78325705395468
3.69405494935619
7.62256502313381
33.8798707811472
46.5114268328267
36.5811882433523
26.6539371589267
20.4781382604972
19.7137566461131
39.4345504079837
29.9836522860752
20.2419545792982
13.4569195538095
6.7119028929688
5.60509188574822
4.97420863666325
7.39263655528966
5.20773719907037
5.14743830161212
6.19489817604038
3.65260642450928
5.88955526111402
4.76374264565
7.74094904528035
10.5562137457204
12.4008515637355
11.6227541170059
11.3751790841886
21.2664883072584
14.0377655278532
8.49428030683099
20.5273651882935
32.2506484949872
19.2022794641732
14.950232588948
10.3791516436516
11.2336203454716
17.2116639506475
22.7210102459613
22.473394756688
8.25540361231259
7.92889219711719
22.5354685140463
20.4246868341372
5.23661077407543
2.73813537245257
3.70026613726622
4.63494264949529
3.91530680199772
8.03192934076848
11.9150198397773
10.0904480208229
6.4543717623845
10.8158362026396
9.60141686471029
12.9128107233463
8.94841753700631
19.2669156115637
17.8826654182582
28.5880820936567
60.5174778373081
44.7717169932203
38.7564298357496
9.76153285444159
9.97143164927332
17.204462776415
9.66441255085451
3.98483281777936
2.83146882963771
4.05152494344374
4.3798015940543
15.4647089855097
12.390363070975
10.5171436574948
18.3537984621075
34.6660093850372
40.3776776446554
55.1185371226741
62.9619537433501
45.3460146663328
22.2460486679551
4.82882776202132
5.871514964986
4.84917362501337
6.84717228834403
6.6368959725149
12.7929784016962
12.6111509069806
16.5739376438294
7.63270328889424
7.64211012151239
13.608004418763
28.6335816779494
43.1461619441482
42.7498761349038
65.7790169021144
62.7506918160297
59.8404033101462
40.5836935353901
14.4540100976269
3.96084879160038
5.06834651188689
5.67429096615438
1.75445474524147
0.0993770531180835
2.58200511874283
1.12612005083031
7.66389202750424
10.6445885218667
30.3229156803466
55.3518318337292
74.6633209211323
66.813134630173
68.8047451119648
68.1312037725119
48.1818942179756
26.1538447472451
11.2283577206732
7.66592823809727
6.9533251177689
8.32591302100768
3.50561420347994
15.753822099385
15.3387751688751
11.4780867586033
22.8980901572593
35.9887883901682
34.9095117415547
47.1025627632238
57.3005211163019
52.0185039604645
45.7959871111327
38.3573376685187
49.4603768902057
35.2548342085603
11.3213835279143
4.75211068366526
6.97897904138975
3.31409002053852
1.31530248378182
0.722460688457811
1.32603520305411
3.46984914152007
5.97545992598289
22.368001438034
41.7448347418318
47.4512327578344
51.6255468373965
54.2011291064469
56.8217074001356
71.8935183934814
62.3776777274489
19.7860612329206
24.8648562070363
19.021524934533
13.7782816662806
27.1507279172213
45.014329055145
26.4017984895057
31.6280769310653
38.9861982105208
50.5184657107724
73.0426831791451
47.7098837847069
55.380331867392
54.8896523542137
60.8903859558634
46.3249017796967
34.4544882947152
11.8534462524228
1.96621934033069
4.10015648138514
6.81386123183369
23.4934176682575
24.5136532749597
22.5341294834327
24.4050875632207
26.2009675288196
33.3196192186375
31.640207425168
28.3275732822278
27.0523123362528
49.0106502656302
34.2075886093881
18.0662603218426
39.471720754802
39.2139602218948
52.2443418000862
27.3908117510602
48.0001417623063
47.0850218120477
39.3785265238133
29.1284879111567
33.011798943476
48.242002585967
61.8134409898426
43.924728479019
28.2761597383362
11.2077554083289
7.40719506588639
4.02709054391554
6.41555631751694
8.79764526802207
17.7921305730178
25.4504807665885
27.430675290395
22.147306099102
10.517447921428
7.59020974691448
19.2184757852579
23.2353565770101
38.5238560279952
26.2059286346618
18.0625731112112
24.7022543103761
57.3117767864758
64.1336422145541
40.4771754482344
22.8510133781307
61.4391560969381
55.8266027544088
52.7434226868779
24.2465880511403
29.3217838893292
37.2238017808433
37.7280220751286
27.6837009319367
8.99549217953466
6.77997278879805
8.84240409382932
8.96933378197267
9.6732464754999
15.3011135516429
13.4361919202673
12.6736184325167
14.8296939056132
12.0064457262889
17.7613639912203
22.18764439213
33.7893279797851
24.9147314824218
13.5204012082703
32.193493120397
24.0069845127574
37.0267893170231
42.7240732741323
32.9623311597947
45.0618962326182
71.8056479641363
34.4723010878666
46.1645248811297
42.1609600906542
31.3707414792181
37.4987116612667
38.972308844526
27.518589012836
13.9026181394481
3.66108966947302
9.7247012546848
7.74157955440962
10.3595401957243
16.8245482534534
18.7173702158979
21.4647199547146
16.2171253593292
21.5250512154348
29.9312420191032
29.6948741278451
22.0899625329909
14.7123419541673
29.5430573371775
62.4329887067051
55.1528922547564
48.1480569207718
46.7022126821537
44.3089915734674
30.7144171978033
27.6258965179792
29.2741081993258
36.0328215169563
42.8993760375962
22.2026249043607
15.0749045673481
3.04979373000382
5.2752383467725
2.25974980528365
5.5344677899714
9.51504245635568
28.3962148340279
18.4882319158731
29.8743455460705
27.8733077506751
35.5766649636396
39.3893281289383
13.7829842279738
25.859142076041
62.4978158252645
99.9143129687703
34.6835882303114
40.3007537808828
27.3993758251512
45.4333318281337
44.5963901845445
41.4400018221443
24.0299421184472
7.18961386243847
5.89751724672364
5.39760979255241
7.44783109347089
10.5389222950852
21.2506113405127
33.1414929350364
42.8303665088384
27.5448439067178
30.8191563032548
21.6084417703571
18.012188397976
87.4517840345314
80.3976199388356
55.5703492431979
37.9204993487835
35.9584973508333
48.310533053702
53.096597304311
41.5826509837513
6.33845063794858
14.0739260378082
18.3540722569023
16.4923055093206
13.3639810351969
5.82168679483974
35.4803173396625
63.7553084938137
48.8319624641028
50.6402735191903
42.8976370307108
37.6699230019365
43.33575027106
12.1514023126054
3.58442425384485
3.66222008460098
3.92997655119341
7.49136442839547
5.50356285479849
14.1317461957683
26.9340887226946
38.4932951974606
20.5992241051221
21.5357712423307
15.7029464869087
5.7349730877624
12.1962487060057
6.41178426168625
4.76039605669933
4.02970821443052
4.6228567689273
4.05423228847938
3.28729929563218
3.46657376097449
4.16521516168482
5.42505670626022
4.81311363182461
4.54332159549911
2.96977886571844
5.45358567959241
2.14016876321243
2.74261420201965
16.8872808820765
12.0660327769361
15.4651149435998
12.2747432015479
12.2709091046074
6.7849133812682
3.92405267655181
3.49706402975914
5.68716669928218
6.28347958397724
15.7941897252552
8.04662498776906
14.4817970815706
20.2745500160353
19.8880367650411
17.4835336118267
12.7692559536754
16.0454063937846
14.2589382888091
17.2367728307874
14.9932644985226
5.00507826453154
7.34546265285008
6.1109461615737
6.42762511353452
3.40672921680127
2.65228219131247
26.5474717835905
32.9453863002385
14.811152427901
16.0708683139095
15.8019492099499
4.37478623247618
6.61629774355453
29.8878927812757
47.177797229982
27.9278476225832
21.7475758163311
24.6426354755666
22.1768907657599
18.8685057266131
18.1359498204094
16.9840480255466
9.57374827734458
8.70138009631861
7.25495724948083
20.2364176952818
28.8815813782752
33.0518241079585
48.2082381144145
33.0455309015861
39.5641975181649
56.301799698018
42.9812670501796
17.0500528661388
14.6191168915343
25.2382690140139
33.8341341178576
33.4967186325689
35.5470020956747
55.3239040255255
50.7891651367092
81.936016928667
57.4417347110713
31.1963042225051
21.1300605071419
31.9413028109884
26.2724827741264
17.1425333977031
21.1804955913731
31.4037885961886
26.9140521814749
77.192208520545
79.0488655074031
68.2286123041392
90.6403708670299
35.6308820313199
29.4539770826588
33.5445973924483
27.9233114446636
13.688651752153
20.3147081703009
33.2780295209805
36.0241070930856
58.6643471297613
62.6639842557963
58.1945282362835
43.8257044397918
40.8285632985092
70.3420553830121
46.7633528233278
58.4940613612193
67.4380443692851
75.6833731786144
77.6617247658127
49.4496726823013
42.3275167681877
98.1945868696386
88.2846610276121
93.7772743541561
106.858225811977
91.5504535169065
78.0137361189789
32.5323206313828
25.1875901595259
32.4055395847417
20.5072704716343
3.64859643326924
9.19379531624975
27.5037340417038
50.7254829746014
77.234473527539
58.4321097457256
73.4703845197172
86.2120633387296
96.7265841885808
101.634520378605
87.0468903031625
70.9968774515129
62.9651494891689
73.4637547093023
95.7203385347539
85.5996261429494
74.5702491255603
52.2123650127305
76.2928625227324
93.5301904294445
72.7048731696415
70.4147318238658
85.148180304289
59.9682071999998
61.1125936985756
63.2675989882682
21.3495469118232
17.0564352120505
16.2277679451434
6.85014281095535
9.31915752390297
28.9622195016492
75.1593877876631
66.7148047925763
56.2365271087003
82.5713655848478
67.0113547215077
63.4698050904859
63.9951505224566
64.0377916234552
54.2490048357105
63.3734297803793
77.9919209918336
97.2698375004821
96.936387257464
99.4465356723369
67.249151730355
75.1343910596493
99.0545850920718
93.5942601482106
67.2775544535794
81.1168950727916
92.2033262418321
64.2548191349968
71.4270505556019
61.2176046719532
23.2475360680959
7.42041454668742
5.44690859319722
5.72073884626294
5.59505804627164
6.81749637446765
24.0817545469048
56.612840260097
77.1465634698067
81.898681396074
65.6510799165536
100.847037186158
56.1784975452134
62.1789765565487
80.006577958986
71.3763148187177
75.3477508880956
98.1030319165946
102.529933831659
75.099624957537
93.9999381565743
87.6339741071268
66.6286347079122
68.8838302888404
87.9266107324204
76.8141702344958
61.2204961056187
71.5485156651543
100.740620423402
84.5865220417031
77.1111742351154
83.0504083117812
37.6449982169309
19.1658649670568
7.32560132994208
1.85633748289031
10.025371520281
36.9479736465925
54.8835305494383
84.6681797351947
68.6302723774477
73.9965876803787
93.3157593598427
56.8996981761993
59.6440415341756
81.6812256521303
78.3348415190497
84.9067594050057
75.9033782537868
73.6431454378716
90.9125865070019
88.988504406751
108.285180976097
81.619308232486
99.5086563985206
89.212657846801
50.1039544925438
88.4087371096474
70.5653599076411
84.475194932687
66.5536027161375
74.7822314546916
73.1646983287809
75.8791701309565
45.1105048590271
10.5213733551104
3.41179056702069
1.38047779578368
3.39149402857027
37.661955589772
78.1296461699728
62.7205706131659
52.6458449706738
91.3052349317135
88.2118339006753
70.8268258141809
97.3780133281144
76.6179006128828
87.8975112271328
92.8799648473022
85.4137979950848
74.1604829093948
87.4496691482975
71.723668422048
75.1972390293722
73.7897014330752
73.4275669522193
76.2460246678499
81.9938342065093
81.1432050873261
86.3068508716057
93.1678615775239
45.5906183197747
65.6905280567694
112.64266726224
82.4484988780378
45.2514645052787
15.1058629617155
11.6941944999001
4.97870952273654
4.59748025290515
14.0192729160129
56.74787144066
48.8593562174663
64.1030624520322
67.4630449997806
87.2248465787168
98.9365153204217
73.5306774289587
69.4511167860442
61.2157666673204
77.8054905971072
83.3308100558657
66.0836400493157
85.8177473970366
62.5293351546122
68.3152530008709
98.4370623608106
90.4149765869593
82.5910250647508
80.8279943289271
75.5405725829159
82.0114529115672
81.6877810878848
81.1218680239954
71.2437713810158
88.9929949077518
57.6508946360263
54.7428712339631
23.0196361044427
9.90803550293455
6.82600586544379
3.48019631765771
5.61349822081824
6.17341756748727
11.8742241607606
36.9316919460493
64.1384098253638
93.3324301844365
60.4248321506757
88.140732594366
87.8623537119294
105.362989303091
68.3911763232655
63.0794640144143
79.4843701913571
81.4272851966696
66.7724186840536
77.713676174699
90.7230588485596
88.9242393556655
78.4869703313171
75.5269812056784
83.8459397694895
79.0539444976536
66.9634672151369
62.1141309428221
62.7913204198662
98.4664408076992
94.3361620987234
66.5343693828593
41.2956905744174
46.3579286070251
25.4890782730219
4.78484351356776
7.5630848820623
5.68682453813947
7.51838120358561
6.57771914661691
9.69797483798319
17.7929368590551
32.7464035874481
33.4991216097713
77.1048609892469
77.7224555166626
90.6530807521573
84.1923894020172
68.7195029155982
66.8786052789451
69.7638693608936
81.3318952043394
67.6038517909767
65.0958501696615
73.0225106228585
65.8560995531458
75.0129256426356
71.1948400095622
65.2630881742577
82.4494181873252
54.0234162627319
63.5784380430207
74.5651671767671
67.4846763094249
95.2736926191581
76.0101522334569
32.2853536632738
33.2960404099619
20.3388806228858
3.53411276484263
3.9417328236908
1.65814105853393
6.13329197230737
4.63445074734136
2.13827844264263
2.57105080952396
14.1575236120826
29.4766949859844
38.6341907351099
76.078989917946
81.5289015276848
66.3353579157388
69.447839537753
64.5320933754308
64.2843267185231
92.4407494538574
47.0925929887157
42.422843167125
32.4519414667453
38.2814300171135
46.4729329778793
51.0553755293563
78.9239983142159
73.8924483161853
69.2012220507695
65.3147116214813
69.9961347635623
54.3033275512277
52.435677615281
55.0251506198546
53.6729349781891
23.572169219719
11.2020809158826
0.858251042793322
6.18022424867244
1.96301760474903
4.58105697099306
6.1976653499051
3.03338546628288
3.74766578311995
6.6195442406191
5.59645502796204
4.89938893813611
26.57270150488
26.9185816880584
44.2800504419899
83.8919695801759
81.1300366320527
60.9030705602732
58.2798284638758
67.1334491555223
67.8709413721645
48.3512689942324
43.4330117870775
31.2715327905791
33.5062611016677
38.8807220993556
41.0992663459365
70.6405234227672
80.6998756461027
57.5102164870974
72.7039966406285
56.850164674904
72.1038285052739
73.174912291017
35.8227470347454
28.5130398409459
10.6393875825155
7.57703336228883
3.52246961671011
4.33664792557718
11.2878885182748
7.06614337957508
7.82701218566194
2.50289421626929
7.39150105087856
12.7085403108282
12.7365761455878
31.9042144102201
34.5724766325885
65.9014493363254
57.4909925594284
50.1496257344748
45.6148987534078
58.0782403729352
47.7140376780718
69.4641834340448
70.0659422088432
56.219668256722
55.8784999829913
76.630341722262
62.155700760957
65.9728212837856
76.2796275464825
66.5075389678575
60.0931526301494
61.0608085331145
76.0928232697294
56.4696033129862
40.9449589959449
16.2961165497898
1.67746005201077
6.13899928816139
8.00844622329156
6.02392292431244
3.33512313807574
7.3147059370475
7.4019666415292
3.20601362087131
8.34418784806594
7.3739971656365
3.72773595543012
8.13029495641749
22.1551614710008
33.8074647872723
41.1167222486687
69.4460360567597
72.7756653051628
69.9736936493221
64.2580917450041
56.0206655269314
72.4380687054069
65.8270670490383
61.1865731932392
58.5558445718115
68.7233264109083
68.7433288778917
72.6755080908298
57.0670410409702
66.8721912921133
59.9142360325762
68.8970222892943
53.205102651046
57.623778221605
17.496506468105
6.65395686384797
5.05126437340648
5.40798640960879
5.882031382643
4.51405115534517
8.34772914779445
3.94177911914669
8.66468562350026
8.46735306672793
6.70375057293472
7.23307965778088
7.67899640090772
20.7787175639347
23.3750137378339
29.1884693679757
41.1227263089026
54.4395003600675
39.9758432049315
46.5461076485514
61.5541717078239
71.5354789652551
59.6169467884165
63.7618805444091
68.351522338947
66.8095700274186
57.8226162784332
60.2412920292277
35.5338968970634
32.2808383697223
22.6927266282107
30.8916362790339
33.4292710969099
8.37342993771379
6.35008709605321
5.13066800277865
7.81114625269243
5.82106042094721
3.58432534538336
3.53943491953041
5.64761767367343
7.82619948915118
14.8656376037244
31.0825940531685
14.5444944492287
16.6285830883651
26.4036164321131
52.1552178780977
49.9490973141438
59.6496394243924
53.9446051529936
47.9317987407826
49.1556727132767
64.2433373512008
62.237545453355
51.0070116297822
24.4774814625117
20.3964472311718
8.85472218796948
8.7953868805329
4.61330898704529
4.06834717268935
4.5997129933561
2.87574549986165
1.88155173448076
4.0555587399689
3.16572385688479
3.98999997753022
8.14223867344555
3.64437870087696
11.9296612563472
12.8411563918794
8.71374536226032
20.1439818194116
28.8106598145089
45.369480704618
71.2587137087108
67.6316884426339
52.763330352853
50.3777151635798
56.5387006382958
70.4587741753832
73.0789298998154
59.5519796607512
31.8856013401047
14.4526208218586
2.69748882954175
3.71029760311566
4.47202613166175
2.05551528348651
4.43062096973645
6.00018262190273
9.38609132893807
4.76589150360229
7.82726341654553
6.21586212659918
11.4323317726249
8.64795195825893
7.48113659723061
11.1293139439686
8.60140368082993
4.81941796533701
7.38518729858959
24.0718570667175
23.0557612256963
52.2765216903809
55.0615991504755
61.0394627901613
44.9222463340964
49.7363996995786
62.9927924811041
59.863319393873
52.7604824133667
49.2029715073648
24.4954691921279
4.20894531468904
2.47375935205199
9.65417782172456
2.8543268581318
8.46240583009351
5.02692631069931
6.77423494663177
5.2274297040132
3.40778177382313
11.5223870310885
7.57663640771435
12.5064716159211
3.1897734646741
1.46880038552897
7.10030939688615
6.43995185353501
19.3571692705324
7.15269463852508
14.8461862728999
17.5062283756494
20.2366656083236
32.3105476535509
47.5905809089081
52.3060671990398
39.1411199718803
37.9788836048267
35.939647337531
44.7864483486863
39.3538172292291
31.4969384609784
24.0044545119877
7.71976633326138
13.4916775876391
19.0340394112371
19.8474154088906
7.94099460337699
5.67402579886985
3.99367649495535
5.08140892176762
4.58627990201197
3.99401050254459
2.14248982745735
4.85686630544599
7.75351994008978
8.03613719660271
10.8995491395555
6.10974260638368
8.70818567464401
4.99688351072083
23.0308534812256
14.6718693123914
22.5341170796409
39.698905760574
38.4935897368712
17.8323489617082
18.7247237086248
13.4934412715991
31.3469497647661
34.0225447730531
30.0829076994793
21.6426431723074
23.3500624805029
19.8606959137521
38.0233104796184
34.0768579671036
15.8814369558678
20.5030429053462
21.2784648658393
19.6549027425379
30.4566850968985
25.8337484198913
13.9639762029898
12.6150255592615
7.18103183114795
5.31948194375386
11.5570867797894
7.18704538788532
5.36228415880067
2.99812100929442
15.2518742733847
8.72798643827793
3.87371645052224
1.3887729318582
12.0989280738798
29.3367917110413
14.135420268444
17.2617623780951
37.5468927696072
44.1995347509537
49.0528422208102
52.4314103141929
39.5265940854511
36.4915765620375
16.5121427362401
14.4281909572321
15.658053353346
5.24120111682892
5.48421043163402
8.11836076762505
10.9910824470931
26.5738062054249
20.3470218558794
19.1142882795197
45.1891814664506
41.4263524300074
44.917828704304
51.2979837639698
63.4997780254182
32.3650838129739
34.4476771284395
14.7371141507264
5.25783827798843
4.78304883609612
14.4559023842918
4.5546851626498
6.19672839175526
3.98047066519208
12.8637086946232
13.3350799592021
14.0870891724547
13.5548981581104
5.14703804848468
12.9170716541632
16.9422878786188
34.2025300728723
32.7650775049595
48.4078421728608
78.2744190511442
68.5410149964978
63.2934630226204
64.5233523933526
46.9850253066878
19.9751622458594
7.91188215266902
6.21398232858805
8.62736876571548
8.45391007366725
9.27311937000364
11.2883088308849
10.7656338757572
17.1038785367289
25.9757823104408
55.7936806620048
50.4069880013412
68.7160410520696
73.957364779619
62.7216073750443
56.4502827764709
40.4914783229294
44.3871560893455
19.2365207920462
12.5946112393818
12.9197901259959
13.2330886582937
14.0611942956217
19.5610604506137
11.1611005242034
16.682654554863
21.0099284794712
16.5023362742931
33.0994516771965
39.7174232610862
47.3488038951583
89.2494160224756
70.3102328750085
64.8790973425249
52.7316668764419
62.7334646486902
46.0901215796041
32.3318898299469
19.0520889341159
14.483568063616
11.8776663102241
10.0794119430197
11.9619730243433
10.1790227076846
7.01447850239125
24.8267610699311
50.8632620440114
52.3134293066721
33.3803629275979
58.5291507475098
50.7488412020385
65.3481195974968
68.8631932838478
56.0505610989494
20.4945453447627
19.1780627420903
15.9357420676763
12.6017215569766
17.9489581603333
38.1277294545142
39.5891289037425
29.4603674886687
22.616478895634
41.2522675504309
46.6516454277183
78.1676014697102
73.8678265694704
69.1790597341423
63.207842560249
77.0956056965444
77.9015658112959
66.9888159587216
58.5256347838863
29.9082383721603
13.6637967866658
10.1859178477272
7.80496755459587
3.96588732328025
4.79814273555968
7.44569510168253
9.27707288726425
13.425117471661
37.2225323108357
35.8124066797958
48.2126449310465
41.311305274211
65.5928981894454
56.5481076388668
45.4004958307897
45.1102247954237
24.9976074898868
26.7563266986965
29.3411706792146
8.65395580825489
17.5534006730091
52.9439661743603
63.6676671995834
72.1182254391475
52.9613484444308
46.9951298527864
70.6638040068003
66.007754092295
65.1319421414536
70.67098930794
73.4264784405918
55.5044764452084
47.4900422234092
29.4344152355992
19.9269789604234
11.6385994485752
9.18483305196137
9.56782893330574
19.3169456781034
6.08807049438639
8.32874103469864
12.0853341056411
14.4785188192576
22.200817908218
27.8762873674044
31.7815464825965
28.4565411890137
28.4440255702775
33.8678138350503
51.8240780921975
45.5368867913159
39.4857595759336
36.5119509367331
10.3795988120356
66.0393014411631
74.1835061719673
64.3681796394276
40.5984576512567
43.181131630992
40.4415907828528
68.7722399397207
78.129845060749
48.3022139157137
32.0710596008595
38.349942470366
39.0917237700585
29.4530342110881
22.5770710640755
9.35023377027256
4.08114703125705
7.24252129283176
14.1295720912545
9.94272571064617
5.84680663048232
11.4568731378723
16.5804221011831
19.3593539748503
18.1294414858509
15.6348472958516
17.4155196986987
46.4279676940477
47.0023179649377
66.4089112131606
63.5917923381224
28.2380891341795
45.2794924896629
22.8658395270904
18.4993970562832
60.0588590707389
46.2463370877275
35.4764133593621
31.8056827805182
46.0990512187645
55.0025243180047
38.152545453667
46.2211674848071
23.3763020415878
27.7383951126446
33.0545242503246
46.7986755624893
19.4574738074144
12.2350206581328
6.37571941827272
7.72953629005515
8.63430056253384
4.10984481192407
3.58334089323559
3.21195190334508
10.5931637210601
17.7689525626331
19.8203731919358
18.4712948413155
22.2846054325748
50.330925809759
24.7118036452982
31.2084739834616
71.9251582092878
55.953989329155
45.6689939547981
59.096600375133
42.671049576487
35.2965561197523
65.7845619203327
78.6877800107491
52.2660007159507
54.4490835776074
57.6924761050891
42.9831829129817
33.2339694274944
47.8697600743885
35.6822991769737
43.7607633764244
24.9758502866622
19.4762002024657
24.5597932509171
3.32649486685979
5.29301040966159
3.86629675783738
12.5275424957333
5.54631487083658
13.9345836806347
15.0038335563526
44.3771454021932
38.9736498641195
54.9894642458686
50.0991540481643
64.6423293333432
54.9487884824353
56.1387595235884
9.87854588555739
60.2280560735218
81.6194534831754
94.0582101474397
63.5880806529666
79.7560433959858
31.5619790482354
35.1000044596304
43.5151901931326
45.657572948928
24.9949793775529
14.4399528293455
12.2380355302382
12.1330793703267
6.97035481082236
7.0314096859972
11.8526614486331
3.08421364399472
4.86636474954743
6.14114608473517
15.6432190326988
31.7212270932606
54.5963678579678
65.5725122885732
30.9721552197694
49.7230621328183
48.9028956021789
23.3815883396709
17.8939004507806
91.5598374428328
91.762293879576
56.2945397161228
37.6058646613731
51.5600478053448
53.0120132612226
54.2301044059879
47.669520979759
20.4770742848715
19.2212521602043
6.0793151809985
13.1273063402745
5.24203392611766
7.6696091162731
2.89871304200828
4.0219644271852
3.87010484848746
6.06785148729441
6.30308654967012
6.93885266095099
6.73142070425386
23.9711107915166
51.15503578412
43.2087889941978
32.8657548078323
10.249936646347
13.979099308291
7.10484436770735
19.5116893830324
48.9707900351377
55.3037116907144
55.425854674169
61.0589229939936
46.6660440721858
32.7096810938648
18.2255564570355
12.3425529824674
6.92253873214039
7.14705676234907
8.07989936086853
3.78806242540066
4.44909088844105
3.3505132812122
8.18800845622932
2.67220464142328
4.10122439655161
10.4308775418355
17.6352164195568
23.1867066973142
13.0778439416525
5.32969897887425
5.96768932362025
10.9925574078235
28.1489773958182
36.165017977405
25.9173171959444
26.6730502209169
29.177978385243
2.76886624850236
6.7282095340604
3.20377392707007
3.71880802019376
5.02677922015068
8.52182686681041
8.88867257446153
12.2699203338885
18.7172289514087
12.7470295738243
2.74338598644856
6.39150958962284
3.41896179288986
3.32953526194159
2.14426888226322
1.77059010711763
2.68105458144726
4.69635448663557
5.05120838048175
4.54692340210777
2.42947932454551
5.94535911196866
1.83694348904259
2.34887972393663
2.9883229485789
3.77782767113784
3.80444434085344
2.25166583081288
4.4969583596922
3.72946140216698
3.22849792858386
3.18256923165989
3.4307615327558
6.89506026659785
2.24006581619398
3.26838039615723
4.70353153454539
2.4469123481873
4.49079561354665
4.1524557106584
2.67823442046342
1.88932613374672
6.16411422482456
4.19391306532209
2.42940238574429
3.2892739113948
2.67804637620687
2.20705313995971
3.18817564844829
2.49056806025632
7.16726722287117
2.34355467116296
2.41892934750663
3.80032932229722
2.49669200182719
2.61483554010214
3.61280611914033
4.47467328267561
3.4574908837864
1.56827154305761
2.40306177900825
3.63789632516267
3.09202439158792
3.69599738505603
5.07175642061471
11.5196748965267
2.66968498551975
7.53168760127527
11.6139556380857
3.85616670621233
2.44684341571533
2.82717553742391
2.76803150588588
3.80814210568226
4.46943388287364
2.21624444558183
2.33188221460554
1.38537074453265
1.10659122425893
7.84713860893447
11.7780185376925
9.04434287756069
11.9911199474467
12.5835693334111
6.89504641865007
8.70900984094571
6.13092568638079
2.13646094655374
1.61968839490794
2.98682279957983
8.34918326736156
13.1393038281419
8.16413983607642
8.34538804512641
3.62380934195386
10.1701756790493
5.70785124821946
2.44257434707699
4.23525925045011
8.51999293960998
15.2865313173292
6.71131597752212
13.1893624975295
22.1359980841379
22.4708712079854
15.9689602706116
18.0746389539305
24.6303499198692
11.7089750403372
2.17977654998914
4.17513761468314
12.4562036264206
39.8205241147604
53.5258189449062
47.6513184319989
30.370447998236
16.5345408944236
19.5001758396878
6.96081868969425
6.53075446121824
2.62527937565622
9.6957542509873
11.3738653674581
13.381176906265
20.2685150967888
30.5410353198105
67.1520952091338
66.4745665057809
19.3901573326285
6.5614158422588
15.5557105028796
31.3985588754101
13.5414571472468
8.77190765018046
17.9291756962962
39.2170283656328
44.180998755411
35.5028216655866
78.9229783892533
40.8016644595469
17.0712855064029
12.2621756559698
11.1466957727785
8.83169190359412
10.808527649403
15.0419487515325
6.70000887696749
15.8696754342783
15.003802037219
26.8205252400387
39.1081533725004
85.7045788359311
71.0075494700537
52.4805492106187
74.207629904233
47.1615692071904
57.6209453884677
75.898094706797
57.6582390079534
63.6471212916193
31.7150307853586
24.1797744688534
83.8335441124017
75.3831936780519
65.5497048865261
41.4277516526989
38.8064701409175
37.9138361499476
20.124608194779
16.9287766922783
10.0802363037201
10.7813660139027
7.73762058459995
4.5598048006662
10.724929883804
16.8871469909545
38.2610601643092
78.5164725934939
43.1120420184728
69.6625687707516
53.7555711931692
46.0512572015862
70.5393591421271
73.3576536298205
69.3366926551847
61.2295238876516
69.626453338001
106.904744924661
70.8194060593537
56.2656917879512
70.6979621066503
110.314379895372
62.8914561462483
49.8539077010205
62.4610779538168
64.6119796916565
66.931729428369
22.0509104049745
14.9455522145731
9.92842996742825
4.61952727292891
4.82604283877372
16.7156748230564
26.9974303906934
65.6032114243122
46.0328236095633
35.8713324748938
57.2096874930451
60.7381532688665
62.4084346516867
60.0922044127231
55.4973255617613
84.7077895884041
65.1497732414323
81.6340024342847
98.8814457570702
98.9094950391714
71.5076511084343
86.5843883892059
81.7432277205264
97.739567637112
80.8324739857353
57.6345991889318
49.8376343099542
42.9958321763982
72.8919579147893
29.6667338745638
21.2525312853065
12.2505032133653
9.35093120711894
4.86514945289625
11.986936354228
16.8213074987849
43.3488852457134
43.8209688928248
41.0861431025309
79.2370778706086
58.9359139863956
78.9049553563609
101.983680975111
96.8120101807591
97.1433636918968
87.6133833968528
85.8916034337131
121.586309260766
94.0967791998518
110.693690073583
81.632031461687
100.185667672127
97.4015808672196
74.1349437775607
72.3468698529679
58.5936688530062
37.1266603343035
32.5739178902749
41.625542804106
51.2938204462922
21.8960258010755
20.851762828848
11.594111613161
5.09304689223451
15.5960611158967
18.6735325008146
40.0359734985487
34.4748547421132
71.7884371231665
108.261240793575
75.1602409425261
70.5330753607977
87.3628569965796
101.74009478177
100.963294363702
85.2030013612912
85.4929191821672
82.0140701375287
75.3708017857204
94.9365429929509
101.938319729277
82.0142852140674
94.1684498155424
39.2778395762206
59.9423826177478
25.5009423999707
25.7404510360903
22.7194454841711
22.5560875657836
32.1802871743883
20.0044448019648
12.7049615597706
11.189442268788
5.53682410570462
4.06037696945215
5.24342212125906
3.58380449564362
12.5274707133299
26.9624847055069
18.2958945282746
47.3292445553043
58.0217091408628
74.4744336395011
59.4683493813476
68.3929755249508
76.5333039324773
94.5483875551955
98.6356118864859
85.6017228663377
95.2086231324532
67.0542657184611
67.9326064377596
108.130731749176
93.558061395238
77.3224203267987
74.5970922861757
86.9667719492138
82.4919495108335
52.856349212151
46.3091003925133
51.9966348710725
29.1786689853496
54.9576213943685
42.5562151554735
15.8202981701121
7.62203943639281
4.94252919466097
3.13408845043334
4.10839436858754
2.70797867746777
9.01005526788095
9.32447354295626
16.7609090326982
25.1403445692887
53.5448164734714
43.1346873567134
64.5646344568476
70.075120449149
80.2611567386627
65.4966874443858
106.507404223185
89.830382076514
75.1603688819098
85.7205725693338
78.5993029205389
75.5067903009184
73.6822067113333
59.2953544063439
86.4321039224141
89.7054518865552
82.5251081259174
75.6543435976014
53.590790579008
72.9918604309958
73.7836836916639
58.5055608771243
18.3758298504601
28.5625471500766
16.2217741988334
2.17537798997334
19.7034489850093
5.66355655889334
7.09610818696309
3.04857955302544
3.54374495730943
2.29940660682682
10.3087328863364
28.5915903065105
60.5386107096393
41.7788302572554
29.1196418900882
84.4665569128428
90.7456891941375
75.1219570387674
85.6100888177362
104.6550720627
83.5140658719946
80.0037044341083
76.0264194621114
75.9563735779165
65.783293166225
63.7469457828475
74.9860072678927
65.7783504639862
60.1997271713059
58.4277949616448
83.5926322443522
76.5411611173466
74.9806220182772
84.5971999252963
61.5691969433062
34.3136821525431
27.2472584957803
5.26992917847936
8.24346973750833
9.47515764460418
11.6730722595735
2.56805760950188
5.35411981050063
7.2249786562375
5.16324955570208
4.16445586921906
17.8304398791914
16.4750968745186
28.2335754449581
63.9406552009545
67.4206260449912
68.883499300437
64.2602412292271
75.1845627611706
75.120543882904
85.8439160103071
69.2357816124477
69.0294929885337
69.4943881136603
65.6127841883995
58.6378818041318
66.3922969499401
63.2535543699364
69.7692961358297
52.9179927845269
61.7946223191968
59.8301553420486
60.1759227957029
74.3490265735803
27.1751601636144
20.5322144384837
11.0791524247031
5.0191711919659
16.6584061291888
18.7329630234647
7.01317879710424
5.54491329879153
7.65623395757067
8.57494494859714
5.44701152448637
3.96087533731171
11.5196534315628
21.6268789053519
7.94533632180467
9.59475175502978
20.3985432011272
78.0663896810281
47.2340949615188
90.3866697227948
87.2825313770104
75.677141946391
86.0273811606245
80.4209345670192
73.8960407902512
49.5844407090752
66.1852409128272
75.387142690541
49.6536777380229
53.1921159262149
78.0340927134816
71.4297421631115
85.4388445650486
67.4915013560742
85.1326085666176
76.1643002789617
72.7709285966549
60.1963671794999
52.7519432296062
19.0587481526397
11.2386754796615
9.65311255986509
6.28137776976119
7.66291807268644
7.41082331986402
4.24152132706456
5.72415730082515
3.6213647660349
9.81173884169491
14.2706865666196
15.3777288785978
38.5134941652395
20.2700444782896
9.53029443217367
12.0408834953937
27.6244232445109
58.3650790773344
82.1122956479812
92.8650341904134
69.8819419008214
86.0980829923042
78.5443300329053
61.345032663868
48.6829705656945
38.8395359329918
39.7066029830061
55.0574493720857
54.2461766085265
74.1081753690021
71.5301449699455
75.9051802272616
65.462285465523
75.4781202678038
69.5134753189509
62.5848422963913
67.9703433076792
54.0903958184128
27.996151773769
9.82267526566993
3.20201515107601
4.63027151734528
14.5996718892952
11.0378506759703
4.28575505377772
7.2190201933263
11.443198008692
4.06225840492462
9.55908300719032
11.0230807506579
19.0339863486193
20.9693651172288
19.0851309958065
21.506954007788
15.3170194007159
72.5422527856604
78.1243978033658
84.1034851624418
71.3170940402387
79.2701630542912
77.7712495859899
71.6565757981138
68.9661980275017
36.0925005014519
36.0220004444759
64.0144380906131
74.294637188614
77.1636396770224
86.3454611093037
73.9768150809275
84.0942205832962
51.8875253288116
61.7006544073699
56.3596758270305
30.1300184203389
26.5385693345139
3.2988516892363
6.99259353631255
8.18431636242379
8.09433942084565
2.53849111680353
3.13037284665119
5.77615475911741
2.76571800968692
3.08139359578741
8.71246702186862
4.86226861104682
13.121954684705
15.8564545868281
8.61834084257299
15.9493163841306
35.8913899414624
38.4019508164885
25.4759128734869
38.1991736247762
59.4292660317348
75.0103423578984
74.9660224829855
53.4213879818166
52.7303357714508
58.4105486715038
68.4922504056592
61.3518550837359
72.9772382986126
69.4821014334833
42.5067360342981
61.8964196668851
65.5376532645762
73.4154966502488
58.0420005302758
50.6967038474644
31.6409944492414
7.2606148028475
7.02716436681122
4.19863776571963
2.76968306041168
7.45656931666005
4.69940967796241
4.8843489537134
6.65492753388467
2.70716124003456
3.88086543995604
4.23015615846425
5.03635962501791
10.1782236496953
2.18864179565761
10.7061391828257
1.864785520066
9.93978817979031
20.2507386559933
48.0341393935522
44.0023388781948
34.4844921706179
56.9479867072052
51.3229761337228
43.7938399555529
33.5063313430658
70.6860982495087
66.7691475671044
78.3925184646393
62.6367450089557
74.2526313811887
68.7969195390114
44.8863182816721
27.4568771741574
35.5868015208693
38.6610187781839
39.515637469114
43.5757687667257
18.614853915479
6.73174749372585
6.68340674073395
4.60874789707192
5.64390119159992
5.12327368171603
9.1372910497961
4.8451933377457
6.64861127830304
3.8302683755918
5.18908474327319
2.38671997689885
5.54267820316625
3.70602903814314
5.58555094350091
3.9790781396919
12.7182600213015
23.5504834430863
28.4866459960915
41.3392572824837
43.249401628891
15.8971159097512
30.6571149707212
33.9666710620585
57.6525650599929
64.3945880190208
63.3704864042428
74.4274701916967
71.2611643037603
72.0621350429961
57.2307578184421
32.4029691352857
23.7655007048053
20.686573911163
32.8959039719372
16.0042081642077
7.73170215204881
11.8747618298841
9.97737804527862
5.96734756719296
2.98547719915396
3.17174253000674
6.16904685242665
7.84144908258988
3.67918466879805
6.93229283115557
4.45585236514951
5.30554153325817
14.5396567308666
4.59580199062457
7.32419726093332
14.4935399543551
20.5227888704625
17.0786979740964
43.1986090882746
34.0870719326053
18.046811932966
18.95111324578
55.0647251525867
69.1070760522455
64.478060842118
62.5158549727034
53.6999621765244
67.0388425187416
60.8929333978301
69.7488561369043
58.3236824951856
34.6633339974922
14.2974505013337
11.3092551121931
6.14524795577082
5.35372683316224
9.03616968429759
4.82085409592142
7.43464123014908
5.1039511652327
4.7149247174345
2.93869940205124
4.98271956305192
4.21301254758255
4.20598025444167
3.72739026101435
3.85746600612466
6.20207261427827
9.8197424413348
16.3008860327743
16.4948223291135
29.4163337681741
26.6067701805051
20.0800313796453
28.097899422591
40.1042060273775
28.2900983141919
54.1569943802585
59.3261509704875
60.6385224812832
50.8820276707163
38.4735166658989
56.5303027111854
55.4639397687688
68.0110618390494
44.3477895131564
25.9627157387144
14.8059678424701
6.91076729513635
9.68106300864569
11.1182473103396
7.13001076160945
3.77631233943271
3.93248620525221
6.60807711718778
5.28917415897243
5.59869077304347
7.05416186351354
3.94728844030477
7.24378111156161
5.12055643482701
6.39201332653376
2.48410734321557
7.65685694018909
2.31359179536133
4.76976647852288
8.45478691121323
11.1736586101777
20.4850173786182
22.536047570322
36.8183634780295
34.1497275969906
22.1869632707397
27.0169721314489
16.7764151019253
45.2032043838459
55.9546202538369
60.3162975517278
40.6773310196995
40.2785446915267
44.2226716168669
40.0458351406555
37.4256060477669
22.6778219427424
29.9071164014295
24.8857698122039
18.2420002461959
13.3331366848389
16.9835905564877
9.25945995936628
7.02275235825089
4.72311652009197
8.37791601019679
4.6576208156806
4.7255772539085
7.01496529998401
5.87229754491206
4.18390215845819
3.08100208687976
5.68717936572987
9.72779188824033
4.65350201432475
4.440460513209
7.94973801113032
15.5528789480684
9.96147785885123
16.3640443602677
13.5135349834967
26.8089773242546
34.5657318020695
40.6034378830488
40.5573635678949
45.4917908487421
24.8399177649505
23.2605453184593
23.6771346090828
34.7009109847316
43.7595690386649
28.8030564470776
25.8553213388627
31.187569909239
31.5894933575297
16.980160015045
23.0467399774002
39.4185063264217
39.532774280453
21.3999819887914
33.6704812021358
30.5663019973154
21.5124094927362
8.9042583646047
10.7449520754771
1.81214094589166
7.89392728661268
12.2020330388195
7.03002731043164
7.81468030561076
6.33244665074518
9.51618338061084
5.70615329426911
12.0883861203375
12.8085110876804
16.7289503126573
8.32390135567529
13.0288374735363
18.4877806823746
29.4347262155977
27.267229434592
29.6440545648961
44.0362980249994
74.0870529012164
32.0364701948324
41.6712168890897
54.7478758008097
39.8022346688021
28.6412123569888
19.812281215583
23.2162319853672
19.3421360179601
17.8886652397098
12.7356715859505
12.6199776194437
23.1884119959264
28.5000660147051
32.5309982040957
43.9665894190749
55.6115113302277
46.8335676982299
65.5655044448787
45.9213916340668
50.0161100503463
29.5314139799564
18.5178047918596
27.3178432300711
7.94352994919426
10.5632282730703
9.13203898767514
5.63588576016114
11.1403826355081
17.0657859914341
18.9175880126016
16.7605609452047
20.8613584612499
12.1255311189732
22.0518582353423
18.9297672469648
34.8314797391739
41.4279037189134
53.4967432482582
50.4008244932884
59.3993407628741
65.619887163255
50.7039169289977
43.3893389042049
41.2903798519696
15.0856998597918
13.8289154649125
12.5025764400465
19.2781075410367
24.847119844849
24.3522203923218
34.4258458114215
34.3153840418243
44.240346101453
53.4345176538773
54.8413925975391
74.0221320333551
64.7287109344871
60.635466733801
60.133214922257
41.8626649165967
32.9023057870178
14.223008568759
19.784582049163
8.6016064145157
18.1461357234535
12.10119586151
11.973385879343
18.5359303953133
17.8534799772437
20.6084318488201
32.1938690828079
22.614983935468
35.9419062642986
47.45222464653
39.4194468553199
60.4593351783658
56.259719852207
60.0261885944539
51.9479517585387
45.0028926564344
63.7411341917739
72.1359756662922
39.9877177590604
31.0770442520794
17.3053670509806
16.2418479805665
15.2814774187786
20.0118460131919
30.7497072850105
28.0080162274419
20.3926532961329
39.229454161674
42.6590920927142
48.9091051113207
66.0050251606259
71.6755927435994
63.999281401145
38.7566883959776
60.8504230360184
35.0647924085886
32.5960871784693
13.5503551533622
17.1952124032842
11.2937758554549
14.7480607465699
27.1879669828166
51.0810445320068
47.95821657144
32.2741705570275
43.5859016043621
44.4236398686988
40.2807944481474
60.2027579376044
47.6953586799703
64.101620212457
68.7742578587177
77.1022436079445
73.0358584264027
60.2852109195287
56.9141905400966
39.8508971832336
33.9390456546406
23.7717584177316
7.10053276838372
7.66933082160456
6.5414989136219
3.63036171552202
2.79592452099222
14.4862111134374
23.1289921289717
36.2688439670155
29.5201539629194
31.1897231922159
37.8610318870754
63.8301816490343
80.2293871005577
57.587082757219
53.4438916938847
65.7274646365044
79.5867937694925
62.2656487447678
30.5760127839461
13.0967987947138
7.51902992951661
70.6630006611282
85.4500056465616
96.7730538398398
70.2917224539191
79.2830347198858
34.5129252796217
58.127513524411
40.5496986686513
54.9387231752979
59.8069940928389
56.6015456703531
29.405383934013
29.9320806356318
19.8340876736948
15.9857328325758
11.5354249196163
12.2908789555706
8.85016379776137
5.82076279108205
7.22638276338208
2.68157419226234
5.21544293945764
8.98418824056057
4.09387499985359
7.67090640835917
11.8368580787659
14.4078010841991
28.4088887309509
31.7991274085199
45.7827270337272
64.3904546212102
41.163585278103
74.2379112368526
76.3672375352348
59.3146293319587
53.162290703717
25.2069105949655
27.2034679549481
11.5186962821041
48.271395092752
80.0157414654981
94.2645447982162
65.7469491687484
63.0282868008582
40.1147128968629
43.4666797155993
26.65278827761
22.0423226253619
10.8761700873467
13.7524721538652
15.8037887590519
22.0302108191832
28.5752534602109
16.2505794992978
5.14660311478596
2.60990537715063
3.86853883605881
6.33934991495484
5.38199598183447
3.25803469407958
3.14849160390442
6.32268790302506
14.9337333329168
24.8636512966608
31.1617169644639
43.5326443909565
24.542963205295
18.044005625372
26.4808603821473
32.5061121488172
65.5480199389504
78.2456612685091
54.9525278442402
56.054075322811
77.9606326800342
12.5300561215538
42.397865970071
57.5921608275976
50.4812674217009
56.7405040052426
71.8980281844322
36.5536145582805
13.2256639475181
9.32107417203063
13.3711299604663
16.9533566239332
28.7335971297151
34.7980866036229
29.2984740327565
7.56894509391014
9.40686567432804
5.36523715784536
7.653099438074
4.93441831757903
3.94302398108325
4.79357865382443
3.72528814220219
7.70542616891384
17.1587564416808
19.5425891469217
43.1351247415873
49.2550505721933
53.8165125874023
28.9400119258879
37.5161778762174
64.0406447150641
71.7490855080237
52.2433767006526
58.6429656239082
78.7111822497158
57.2641301859363
4.33033645745475
40.7225693032522
86.5038752140002
84.1817778426788
77.1781426626823
70.3125336368638
26.0869733793913
28.0982618159148
26.1199137999121
31.9556815829009
34.8501193001225
34.2355901862169
22.6528608575157
31.4354744637211
15.68896632804
3.7660633945686
1.66947744077648
3.46069413667828
5.35705347915329
5.52133268474766
4.80390676057448
7.29216601358758
10.1177763305863
10.013245449123
24.9691308664015
16.8871693622157
34.3418912236417
30.1645992687315
34.4083784195306
28.9254849139975
44.4031502970187
93.5795625218391
83.2468491803661
78.1895849371418
81.9929823045037
15.6816835363463
65.6426372256108
106.54902281362
81.4179864499403
52.8297698157065
37.7876463776822
45.4286727974389
54.528959552928
60.2589708626818
41.9647409299701
33.5988186952697
26.5308993327401
14.0022693328371
13.7906596145086
17.1914792200757
5.10501608175883
6.59938258642273
5.97643973821488
9.89544631794005
4.06828745672489
8.99854705525675
5.00320046552263
17.6027295470204
8.96805332203613
18.3270604082744
19.6863636131909
50.6515418339602
52.1551671112361
32.2775267868137
20.3556610365729
43.3068393890601
89.1463977196172
70.7592913728217
21.9932310216609
77.1241003021938
96.3282738550175
51.0641060300048
36.9482449166728
63.7292900536845
60.2137404493228
53.8295690385564
46.4317053897512
30.3704578045308
21.1010489033462
9.77777890162885
18.2417048776429
6.04402502021589
9.44499718567706
2.60216331155127
6.94026872975402
3.31335040339529
8.03473890934369
3.70350338106377
14.6093807897477
5.18812308331128
16.6187754925081
5.72968391211333
28.4559504919526
20.5793155489501
41.2535686514537
58.9773751998225
54.1965969675548
32.4657417717966
34.1885586538316
41.9414666783156
6.12698989953353
25.2618339655797
68.2796508390719
47.5998494468671
54.7096098278775
70.0372320839609
59.5804304016467
36.4856825005162
24.9405388092185
32.7304488811351
11.1880601776763
4.15466177845767
9.18882535604495
6.16904995833994
3.36682523488035
5.41166192116263
4.00377418229467
6.60902585694782
8.05251519408028
6.09165742513869
6.45695888309141
16.3266720538275
33.5287061793335
32.717104332894
31.334024834551
30.2691469049022
19.6322848962408
12.8924622574787
2.15074544323094
11.0126383287017
26.9507046317463
28.4591301251852
50.0234759359669
44.9072686644804
47.3305869573359
38.8660334154322
20.8693775814146
18.6400583552561
18.7698500316849
6.09748998096937
5.37881423958406
1.74990476643521
5.19608028944834
5.68629875077233
4.73908289687566
5.58776156786099
6.62397638556765
4.48525733540325
9.77597431738667
27.5948066626496
22.0419656717381
14.5505602961181
9.2970752361891
4.65054468560078
8.89140266211473
3.49738438983253
16.5077305036088
32.0807754067784
62.5995760404771
30.2939300393664
26.7058933639406
7.32296917067405
16.7444499121845
5.75636573458566
10.7854661494005
2.9518684996954
7.35840091233787
2.77735426570622
2.22044757771243
4.42548799984194
4.24367821308124
8.8147657668186
4.115633260274
13.1794519995072
16.8161946418252
26.3955313370225
7.05320614172416
9.97626875738838
6.27729320127344
4.75000080217328
3.7296600804752
5.61710855508437
4.23715542059622
5.32029790925619
4.4541849253216
5.71740299960276
2.29444647228766
5.08284638150453
5.69311627933833
7.12096327942289
7.46332642711118
8.99106462826575
2.83888432160084
2.79991700929502
3.71885204999876
5.38534594971319
3.65823567934694
3.78958413405909
5.70186335886581
5.68566701455465
18.949620456113
6.56981448259388
12.81034516278
3.0735487813942
4.20441187665748
4.02302607051459
4.1075013695817
3.83333831689652
2.76861693794439
5.39073361683024
5.72405838881214
3.84628499292098
2.53838295092174
2.99462332731974
3.98605490217642
3.98750152482689
3.47246894393429
2.7148739120505
5.28755321666643
3.50502945645737
4.34716269832815
4.46848219990221
2.57023489498526
2.89306349725205
3.47337033377376
3.49979881646667
2.02663827192205
3.04217576708645
5.13865363679609
6.72277987979894
3.72601274295811
3.61305905669459
4.81266136945406
3.03672701514292
6.35118636141161
1.18420374447707
3.87742004019222
4.21423015912023
3.92788995816606
5.35544310168804
10.5012371331176
17.2813750161564
3.75094393525676
13.8832649853684
10.9683848502692
4.66814467833335
2.09856405926027
12.7002991343461
25.4769730577273
24.2485944087882
23.8768800211902
22.8563738773647
15.7584309654852
4.21665655842317
6.37082279313606
5.26610535786584
5.61388773602993
9.8214645108298
6.14061836989431
6.01084071408127
4.17179855273583
6.02921697229658
12.7788636295677
7.90635522592249
24.8403506136379
30.3079290872916
26.9286149527996
22.6440450831142
16.6389215756557
12.3895007081222
6.83091939470902
1.99732384529748
4.2243070261216
3.35934598354832
8.19875640265528
4.11796015370995
5.07457937875924
6.88074790502227
4.50154943886754
7.27682932744617
5.44944748398384
4.65802688173987
6.13394227844755
12.5792457085921
14.5076863633423
19.5664178160778
28.2527868944434
47.2056029123486
29.8239207241246
33.8668880182142
15.561143062776
9.37753621046129
9.24298505645171
6.64714501803397
1.85471760233966
1.91040889987204
5.35381436669056
6.5118932826524
5.15147840406651
3.91975898163357
7.78536324289723
12.5647927170579
15.6198484894635
12.7581612870775
5.43665815814031
3.01602528779845
4.98666720710917
5.76067093472295
5.6223286159537
6.96496203044691
23.6038247439083
30.2708289901077
43.8090464779769
35.6087255370818
31.8201503266661
10.917200595726
5.65481656315932
8.32059818884088
4.84537090342429
1.0974139295889
4.32591105324031
3.03764593473135
3.78421693985822
5.89515061344095
11.5667009884329
10.5646836282287
5.48333474672472
12.124397688401
15.1950061962534
10.9336878428374
21.2418662183495
16.3430584602284
11.1093145521908
7.38085126635624
9.57892247198015
9.7224404429473
28.7141657315051
36.4084885232633
28.5469354248763
22.2659825844045
63.2673951256638
22.2910270877142
5.17812045146609
4.5311270980892
3.16713776939836
4.50876030569593
2.3895198741931
4.61503279761962
3.22209776486421
3.91901521424245
8.37736901592084
17.533689232268
26.0155707793752
30.4222033918825
10.5478773891919
9.92492613894713
40.8507861340296
44.6513051809005
56.4769612553288
32.0954240954419
33.6245240532117
23.3415894947122
19.2175090748242
26.6423226351531
40.0078446986679
50.8272123707694
14.2691881119752
13.0556698252298
10.7496609211172
9.36153964658608
6.38810180215451
6.21567169148518
6.12354733046278
2.77662560275965
1.29722327491598
6.02382749582461
5.50037229476973
2.52443240613613
14.6147630031402
21.8147905010501
23.3487851512256
13.3676502918612
14.2831231264864
10.7334689400575
16.3917717849259
41.805046585249
40.4769096331853
64.9288560485745
67.3159765496896
81.108868901438
119.248629737454
102.642597338007
57.8115724477916
91.5617105236392
99.6780436556872
27.4317093022678
10.8784485228841
20.8982851077368
42.4792931606075
30.1380948588625
4.290603858528
2.92293834308249
4.17616668045569
2.22646316372252
10.0481832644555
4.15895711158298
3.15003343520643
7.75846791415425
14.9528513547659
14.6214221967564
8.56581084975727
16.8244914685169
50.7259270030459
88.7770182015022
64.7518176245042
24.627948025742
38.444627125967
62.0079250176566
93.8140439614341
91.3390069421249
100.505382458584
94.8345207714463
79.4148344348875
57.7619161253351
53.2956591387279
62.9512477052092
32.7031979505661
60.5390611059604
24.4693930224051
40.8872806531327
42.4615934940613
8.60623357040044
6.03542533522307
1.88433880154691
6.7811173894864
7.40461077412411
3.64965855286419
2.60414796620233
6.41555924330309
16.6620333897748
11.6587638097815
22.1896444514727
88.3076220655242
59.0001599358619
51.6894130049212
96.8096030873698
52.0431092854477
62.6944492527247
97.6192875305839
100.228774838582
91.2735298169965
72.5658437131912
105.852724820455
88.6151770122249
93.7176571511769
47.6277801708668
24.0383568699658
64.2141341571269
23.5573249327554
19.6697261377272
18.5014728599936
18.573872672645
22.0260094046937
5.39383598064149
4.38738270997041
4.0908015524652
6.69551686910831
11.3526308046448
2.89302772969992
7.58362297413115
3.99229409137712
2.81276918239661
3.9226089444213
19.5676363368197
18.9024614651809
41.5014712994495
74.2405528761625
59.1304579038194
66.2913110468824
85.9207439287962
75.2914432241059
107.084716994417
111.456043840388
90.0312008437015
66.0990904787917
49.8330181570393
93.2765623324169
68.5078432455211
99.0037366219454
70.7128504397631
21.7365334471391
27.2182933232085
7.14166815892469
8.84529253703987
9.71620943107829
10.1590488122132
18.2473061084936
39.2267401664916
30.6851047985202
23.1106148989695
12.637731415484
11.0320813041997
11.6767783349866
2.93706710888112
7.27666401135392
5.10741593810151
1.8380067450319
11.2851187905902
15.1773536224588
53.2212098622155
31.0713554568076
59.5080912941441
32.2422437650358
58.669541208266
91.7022982129493
77.8994190679008
96.6434553346403
101.103841392583
97.9246279643879
67.9299631877072
41.5485519481505
69.0299438867443
72.7212017251403
110.223213432247
87.6104657346165
74.0113716366386
19.1017918823589
13.3594991232498
52.8158951083534
51.9028589736835
35.0441229671887
39.4711875856466
48.798901135609
44.6534726364786
39.6626174654023
21.6281440738177
12.0654319270757
18.9829339166197
4.91323886087878
6.34302046884779
4.43838350289604
2.0116381551009
3.32862527668685
9.7941170726073
42.6776004447985
21.2273234428126
33.9655405572607
34.5789249814935
79.5479038399098
72.3858494932856
83.5379254969963
104.269423471392
102.861173591814
82.6362902178592
68.4303281513083
72.7618101471618
68.6075534111723
70.043488684952
67.7145508983803
72.970462607518
78.0686584922971
46.8432375724027
36.7964131841372
54.8841984371665
50.1053082625027
43.3013356421352
57.5311931006786
56.8181735492466
33.5206478516882
21.7881551380631
31.9762221003096
15.0628582643624
15.6594158083915
2.85909990087882
3.50479655965379
6.42221073285195
7.52284683754217
9.2109402234777
53.2879775604245
19.1693413506218
8.5057657354693
45.2072489596942
94.8129415614424
78.0382468029407
91.4471367834427
95.0625817197181
103.851802469535
83.6234772578381
97.6761260172222
73.1082901687251
92.6379344972111
77.4535292896525
50.2569789076192
63.293884364636
55.611739931031
59.5725178720637
38.8391359777732
42.3742871788224
76.012754860112
42.08590323939
32.0966185199108
64.3913626424273
50.3600596987319
26.3087449296511
36.787230430321
37.8021282340409
14.190732073082
9.02089472613191
11.1657237394659
13.6018914299226
5.72526635177372
9.91919108030334
16.4074586835719
21.6298369357193
26.087209907279
29.8155049539966
8.25841582389489
37.3879921273907
62.2984903758731
68.1708014114892
65.1612482176201
79.8544944328912
77.2827154625608
94.8290342112039
83.9789433407279
74.2018898864088
50.8306628491401
74.6673802052259
63.9673477453826
72.7439608320262
67.9607896222365
60.9186345049054
52.9138128267806
72.6401794844409
75.567074358518
80.9295128685885
35.9585019022761
21.6853402636489
62.0876527238712
33.9144913924632
26.9099367535656
36.0931475249103
30.1096121849152
18.3534590462801
10.4416887484757
6.5670873490351
9.54886156132152
8.98842297859775
13.8934495677636
24.8827113465788
43.2895024786002
33.8958909962019
28.5020749984701
17.4891760667422
74.1023251079384
48.4723224591655
68.5023554488638
69.7744448287155
82.3606158461483
71.9007563314003
96.9999726778053
94.3220950044569
73.2834079140612
76.1848796825903
69.8505888570038
76.7790897482686
61.06303312314
78.314327962328
51.8482262182056
61.9706065675051
66.4309459854474
47.8275238803745
75.7514973670528
38.4937034203596
50.5839569239458
74.3121835893599
46.8823801202532
26.3509126685605
28.5339725857561
14.4897145211109
19.8177436432958
2.04691519412308
7.85255596426247
6.72162043276517
3.64883078022639
14.7718778984903
6.6810655806906
33.8477831899583
32.0429694182282
50.3248335476136
75.2354874220402
35.9629777927524
35.0052203683711
43.4822786826864
53.1555637060981
74.9212903631546
62.0665242299343
59.5531467476244
85.5251345688427
81.906322492885
76.4863895391066
37.2855872495279
48.5719888185268
47.7077422929578
44.7708479309
71.4995071471224
71.0938019471514
68.8934130554362
59.6637333137959
52.1222667640507
66.0561324958087
80.8305505265693
62.7498616611106
94.3853802914913
52.767301840181
24.4065281678896
26.023367789773
8.59109795617404
11.6027178552638
6.62040180337061
21.8374208265183
5.92955361125628
4.61922840386466
3.74556394821549
11.438850006177
15.4991447384985
16.8332904084108
29.2637661457857
43.1566498975988
37.1067013272726
36.5408108208126
66.8894454191782
42.4782996403789
69.9911899796727
81.4370482147529
50.0756788625181
54.1767294634282
73.1242047798405
75.4819924054902
62.6149137664069
39.3494216630698
32.9871929870408
39.4302481238949
46.958047294391
62.1513389494526
72.5202655454606
68.5708117666117
76.3996617560017
51.5379031751441
57.1721677673552
68.3938151716976
54.6861792704737
50.5815700141454
27.1163368245681
22.9311521989453
8.84644116333637
16.4402979161231
4.39927219333635
8.32539837935897
2.51632006700936
11.6479280853591
5.28109884762886
4.85488468201988
19.5072903307997
17.6761516460278
19.2467553642815
29.8449680637097
23.2454178564882
31.5937056640918
67.0924640513747
45.5862506348953
35.1972177284066
45.3172342491633
50.8498687634601
43.0274960147378
59.939107884339
48.5267199765972
46.1735876294921
61.3051039653666
66.2788931430006
64.212066957244
57.8593591541689
50.3457828191405
32.5296684324206
62.5653110492689
39.6907768641905
38.2540369563147
36.5622638107838
60.3570572916655
62.9780538927363
41.5841058294233
15.6533586651767
12.771558369918
4.26288034599433
8.75490507543879
4.42327847069271
8.4094021235965
11.2598799111677
4.35095288783969
3.07383940761106
5.2846291335376
4.66938156359949
4.77516830554848
4.40161341749563
14.431366721418
14.2090961446524
14.1663731757816
11.3736448961243
19.0741960525097
23.5076096993969
42.1088513561326
42.9043246379747
52.9214278966467
53.2166630371001
39.8618225093019
18.9290288913719
27.0495631484397
47.5339443220598
49.6907257431793
69.5296552828632
52.7280451308751
64.458812267677
66.0162234091844
29.9775171163535
25.9979650253543
26.9028027067258
52.2699062500941
58.9239465078174
65.5596197988958
54.4532581638642
34.6775902359242
9.20139602334375
9.02303060594472
7.51818248348381
7.00889865379934
5.95649899768067
5.51546486570068
6.17433912310324
4.50937816525358
6.65682958881773
9.31584304159585
4.93499783028069
8.2344729709731
5.95601155240195
10.7988702458155
8.61294232302668
4.53169383373574
5.14715567741914
9.71069542639858
20.6762032164503
29.7778392241361
47.772652960741
58.9997267141756
57.0602887145341
47.2936443588428
12.6156053893492
33.1167658813365
51.3218126567618
53.4159209741898
52.6946024567372
57.7957730549544
60.6709565516749
58.8943850382153
44.2519084198887
24.5387565553616
13.0099080642797
51.2497018534487
57.6266238153804
49.3818521206661
36.5719197145363
15.3646252625891
12.044151096475
4.44410262867295
6.46651375608963
4.70628494044545
8.27739775902088
9.64607040578823
5.16725550561525
4.90846992188101
7.98130896526608
3.74121229756391
4.69449712440291
2.88035139573705
5.35466860683954
8.67555494942667
3.28429306761741
6.48141159186417
10.8044598124033
7.11138296408824
21.3548084009385
22.3526313858358
50.7282536686131
66.3500350285031
67.7420732642398
58.4386772987792
25.8164192150509
42.2356225317848
50.1345241088926
63.6694422050743
60.269865333255
59.4752676628028
61.7297345676719
71.9432873627125
70.1729185760304
65.6250622546322
51.4529112044485
33.0029270790126
46.5239446223864
42.1172826645445
24.6890648983221
19.0315356725806
20.3907488626927
7.32411158234736
4.06459697978349
7.87913365325225
5.92010483231437
4.07794092975555
4.35650414695631
3.47674929048861
2.43525295215168
3.55689687498451
7.6416401708342
7.81752330451345
6.6573783333811
4.63407850530712
5.12797488650135
5.46401086299539
5.4139560242107
8.56296822304972
6.1530924997561
24.5291432657914
20.1048571765354
41.9751957651324
55.4767684993707
79.7243655774866
33.9784105058525
19.9258489316438
35.3031400167366
63.8876464154412
55.2433905850631
61.5390264811067
71.3607291794421
52.6034112831938
56.6749349759444
61.9248275323263
53.2084513050455
32.9967930970559
49.010112141418
26.9814455459371
26.566648284135
15.3870072691934
25.7649287203324
15.8560244576249
6.92914951124899
6.01808951271787
8.54137575150749
5.7117303407872
4.7505748919547
8.44714336699399
9.84465558800959
9.18719864359466
2.14363004579609
4.79962815639333
8.51876851997572
4.89644908431426
8.55293478648969
3.31962886543026
3.94562828699155
8.09422445010474
7.81730364191607
7.858774316962
12.416484754546
26.9654765145287
31.3786229314364
37.2483603624608
54.5682963915436
61.8185468482081
30.6076894821789
31.4266129690434
16.8838136445389
34.3464836834906
58.9329927396303
44.1119556892346
51.0454551910021
51.0294008984462
57.081551258652
48.8606261093658
52.6518616011682
30.4899883052351
47.9672959487782
31.8273542221655
20.5584678901536
17.9241730514323
31.0996056548727
13.6494631572456
10.5935582506164
12.5614746316683
5.62057959820726
6.7221459361002
3.80932052114759
8.09433717053325
3.11619622138676
3.75174739988597
6.74051915095486
4.84616408191946
11.2310147847548
12.7470114153443
7.88511002160952
5.20506163626674
17.6758489984635
28.3599882221318
29.8919641786189
43.0345365460189
37.3046994096177
59.0524115762898
73.5800946374723
42.0873012648627
44.2885070144174
24.8941910858542
34.6136008465606
13.9356456979771
34.473133116008
24.9819705765991
46.551846086931
45.8576407196795
42.2248002804838
39.264091192748
30.0016628779812
32.7702235354671
46.8473111926719
30.7642388956322
35.142069676957
20.3981344547998
40.6626791033084
21.1771045103615
20.7653873419899
10.8993463177414
5.9596733822693
11.4364674743374
9.2050528324675
3.90225649014994
9.65611181585058
8.50316761754158
5.53889132336056
7.41414821123671
18.6590763201763
10.1439468342412
11.049684782235
12.9615145127613
14.211469902988
21.8679720263772
30.5535681757863
40.7361033473152
62.7615540464006
63.232288944593
87.1128839602377
84.0022174414157
65.547965887529
37.6487372112434
39.6022875015185
35.5591155300363
21.8304143941503
21.3462350097245
27.3314121429988
41.5175182671989
44.2880183070789
24.1194811174773
16.0299017226712
27.2368540573035
58.2350350867271
46.2414367507296
40.9565458889592
42.2939892460005
40.855753384387
51.053127656667
36.3985149068474
44.6546985559066
16.20511626978
14.6474285863674
13.2910893573415
9.8958239822097
14.0030600179548
10.6931389294266
7.89528476282405
5.17404734227831
12.5857503989386
28.8833591650757
43.8260638361981
37.9891519086611
27.0237998647212
31.3992442707611
31.0339071281236
42.4704501180025
49.4209815851162
48.1464247472702
67.9619035512778
51.9510457984833
48.7145551186288
68.6125003747252
60.750142785412
21.3569071363382
19.7045453736948
30.4699373061104
20.1351803834293
30.7342235372238
15.0835310958617
18.3776777814476
34.8950757812605
38.7096541889443
46.7574242273146
39.4942433677407
31.8772402396649
58.502459047336
49.6098645725754
52.5870099799945
57.5366994139755
39.0561824389612
30.3432153498102
27.6085102952863
16.3293865566141
18.0849106604004
12.3317980523643
21.0711250827942
10.9530280310896
16.8549590190321
28.8900864924608
60.061560413674
40.7780149225703
54.6035949424695
47.4037059079317
45.0365594521261
51.7506178997004
49.0339169433211
54.1630075842229
49.878356853801
62.9731140804637
65.2159581256776
64.1266492796748
64.8096061115977
43.8440247195074
21.0657621972215
28.3619736667381
35.6171074943549
32.5068258862051
18.9884491722303
17.0166719501564
22.2397552321031
22.0178406668578
27.1692558502536
29.5386432062639
32.8549497187278
26.1465778230578
37.5698564841125
38.1502936034796
87.0655641818112
43.7963098474096
28.9908288679881
49.4807557663708
27.1938972684468
27.0774595765381
15.561174329141
24.8884012454633
23.1300726243135
9.7379307716226
16.5441369034239
63.4302428948404
79.3339850396702
59.154589201962
75.2630861026401
43.009085441198
47.5337206811424
71.7758537107695
74.2333133197449
59.0631719801729
78.4637366686783
68.4495645377622
75.5645009512279
23.010580021013
18.5086840507534
15.967661649396
19.4311672863985
21.887401206004
11.9594915203086
15.797219050963
16.6471891118738
14.1860800162429
14.2573043497351
12.5923451531672
16.1035180412879
25.4256512696277
29.2301709738916
20.9415665754813
19.3211176750015
58.2935347627735
68.6753139021971
76.1508946643731
28.5294069812563
53.8279885061283
57.2161881892649
34.8882497638108
30.8459347063838
37.0853769607806
15.146648167744
33.8361693011933
96.1734852279728
89.4410857607247
100.261251204814
83.6367558108719
80.2186743997209
51.5332819458862
43.1960602609857
44.3307753107803
64.9982659625559
60.0019758442463
21.1377125894045
9.20181444927822
8.41958673061687
12.2476152935816
13.2212959394143
17.6309003807456
19.7493062398148
12.0788011913705
15.4811429091858
7.50190615621
14.0692708835962
14.3098556730066
8.70946157247448
15.6851364890289
22.6664112535068
26.4388364012104
17.4757354106582
21.3318490015424
36.0026164602698
30.3109816405856
23.8127080138853
49.1182751766019
59.3224557214361
34.6474755897752
41.236268626828
51.9822255128101
31.8542630192532
7.00054935018175
27.6406974705038
72.8987825366308
71.8953458495829
66.8275767131392
59.8895422973499
41.25082320814
30.4561283120518
13.2155529447188
13.1901478535018
8.10022063703375
6.94749232884259
7.63624837865619
32.446515176698
24.6393249562712
25.7085118865292
11.9478935495894
4.80990978210715
14.0090190311897
13.1125449327886
12.2359326929509
5.96382066267385
7.89396741177886
13.028465185484
18.0151583086987
42.0639469213461
59.4319835258359
47.5171245333923
15.0916023109993
11.6595344962002
21.6072352833062
35.9849380195179
58.5648837008706
73.482503784874
38.953330225907
43.5130501539279
50.5098333676402
27.5506598728688
69.7515283075062
64.5726593167766
59.3936469103021
52.9115477388181
55.7099050376768
14.9093240628686
11.051972847002
16.4450012980865
15.0511084707488
18.7959906295679
26.9139493657976
39.06408232669
28.7331210799775
23.092848709658
20.9551292522898
11.6630750284161
8.4908292372386
11.894391343348
14.9630246516792
10.91624922683
10.0189300437738
8.96753348976128
26.8214080890093
31.6393520636046
41.6705126860145
53.8434610082824
56.5970988660229
12.9838411395648
29.2157278650925
33.7912731422136
91.1848759871341
82.3455635969972
70.3948177524076
92.4259921959136
34.902381739176
43.3968837257527
55.0813815705557
63.6320011679296
64.8373570608256
67.0522347942087
46.9019752780577
33.7464416576828
31.7952039970531
33.6617199049052
40.1594753858734
41.2092241697331
62.4838402539499
49.4522432276391
45.3564838423026
22.0905116909496
13.1494517834908
9.6265879757177
3.19226167090863
5.74735763506209
6.53092339529609
2.08997399369711
4.61701507327822
19.9588113458658
20.4614549840866
26.7731124745965
37.4665793570435
68.3381448710009
36.7357498904362
27.0060376197868
26.0448048170076
37.0515453153214
77.1642468054813
126.106206690151
110.080446326475
55.8584988608533
57.1211802581254
87.8662212078936
102.67348830341
77.9127009976477
55.8058427848971
51.7896455096672
46.3360185854583
51.3128268556907
46.9394491387824
70.9231808415716
63.6415203207701
39.5905403220572
27.8840553275452
20.6711124287429
16.2707195634491
4.39908715393172
6.17529217711725
5.02779283499949
10.7877045765392
2.58196829817367
12.8681484495728
9.23224867135751
16.127074816842
18.2269446652696
30.8614998528049
44.9430364281331
50.215899766685
39.8269163736667
53.4892119811605
38.7992277426363
40.0517051213489
107.055944299854
94.5244862576746
23.0309619078243
20.6823752382685
51.0873235897408
87.4867923378953
54.9839968494212
66.8519309354689
67.6887228456998
54.2880992602772
60.2434101743264
56.3325948100365
54.2310402649586
47.2178876927374
27.205222793123
13.355609226208
20.5355578856777
12.795567655976
8.66819550016461
2.66032274122116
3.91775114853553
3.92158961454281
5.35954691350636
5.51922540559517
15.2754195957326
3.67355443593078
19.4112958864989
16.0432798419392
36.0273540763245
55.3297604079829
71.4335993550751
70.8359829232684
58.7286446531567
56.1324029465451
78.1782703969157
43.7214849756818
12.2903380927844
38.0938247467081
36.3823260432814
50.4808410834682
68.0929270270758
47.8953979031117
43.7133779263535
32.4604446149025
32.0562962420977
36.9745997470087
21.5912256713741
8.54105702862391
6.24922686114002
10.7604638414975
8.69467463339907
6.9920117816342
4.51563321403075
4.6130777915335
7.79386012179645
7.54120811448076
3.61656675949415
7.99767007368429
10.0942638577944
16.671950253532
36.029087943007
44.5497031496761
56.3427886323484
58.7812226601691
41.885593339523
53.3695225823661
33.1540929543772
14.3344854834051
3.57809869010074
18.235416336323
59.5322901192771
45.5911255938246
45.1230642627279
48.5473878382317
52.8670598960372
46.9650863990074
21.6112311102479
13.6937349818002
12.6308168365483
3.97804474278467
4.63892091184072
4.86655371830691
4.35781684655154
6.81561498215625
3.88090875086502
6.7225457739619
6.03446536182795
2.96658052249805
6.33968321048109
11.4909652115549
13.6362765345463
20.2312753180335
28.3511891138352
36.8232711109412
57.9818722187503
28.2254795832206
17.2065669173979
11.0950529451091
4.39819873752682
11.101531328991
10.0267734603801
49.8459812338944
36.3834715872684
64.8963795569736
44.5173350080209
43.4672767834487
30.2755779952897
14.4506215506776
16.7353394396135
7.45066490659741
5.81369822027636
4.46532113926774
7.14764736317823
8.39604501361721
5.33113338172736
8.8538180013379
2.41505910016814
4.20498156283553
3.5284128032679
9.50964331847758
12.6576267788762
5.11965656162826
10.5059550031654
14.0776632556135
34.1074864252975
40.2177446478755
58.8192567011707
29.0873639964126
31.5834407048864
23.7210527491805
20.746425144493
12.1728055578268
5.19364365329499
5.62633982756688
3.93653995255897
4.57284521120559
5.08173054933491
3.22063141399339
5.84568567636272
4.53205864357446
2.86718320360249
3.48463204094316
5.00114444586726
2.83480536520817
17.8243797549833
59.8920082951086
26.6854214307627
40.6348511965924
45.5064165058075
25.8520005015955
44.9031217907319
22.6390621533649
15.8747899152495
13.5076128329996
5.48187384536539
5.918814190549
6.82398608835309
4.7114863260941
4.19533770915266
4.46838172380881
4.31606426227312
3.07497177525733
4.83890415459981
3.86348215696715
2.87625406601187
85.0004649082938
47.4118941452941
68.2329123323403
42.5997579646869
13.2627485920468
3.7201898169771
7.86929303703685
5.66498083817326
3.84805314438596
6.16153481594637
3.24229843711259
6.0402803401496
2.76722747786348
2.27420465708822
5.01079795622144
3.16413675040581
4.74383016531906
46.9711353005131
35.3711632247667
18.3183498439012
4.10069775559325
4.63138958450965
0.0886539987987594
1.45083112110384
1.32645080762446
4.09064034247801
2.67925338801526
1.69134515727421
4.31640151433557
2.3527794226518
2.45018637115994
3.46918567891196
6.17636461230052
10.3262992040938
8.77662788565602
4.80045160377435
2.89402703171732
1.94764968668313
3.6303787237754
2.33685632470139
2.86055285084237
1.5827208589183
3.15872883335143
1.42135438914959
1.77940168364404
2.86963417231083
3.02449316047605
2.61279744792354
3.02454902635925
3.24506073138358
5.4964637014035
1.55913542415422
1.75045115848801
2.88085169400843
3.30307850508184
3.30289065198949
3.31011442258032
5.8420526355689
6.88343438386399
3.77645279269345
0.857850902598558
1.52128441415827
1.23762170472873
1.35034624581814
3.47120799626288
4.1797339763907
4.3268196628304
3.17253281606792
2.2533877405119
0
1.20850119652964
2.50094342981278
2.27546313235113
4.57547738379272
9.40108587329039
12.9373301174638
5.3153144565285
13.577079303216
7.00668084967502
25.866226997329
24.3594564538351
20.3285007700591
28.6639249728062
23.8640865257192
9.61347761098171
4.67495390455932
1.88479248290321
2.40421339743659
1.4486340046109
3.22587060156895
4.91728817104301
9.31902895820184
15.0364357215795
24.6239549893773
37.774156651413
78.8724490271081
77.4337375759835
99.1992026389956
50.8383485485484
28.9282009836673
23.3110934858395
5.62805586073236
5.1727244501755
3.32170202707668
3.89619057149115
4.41510503241604
4.29882928889485
6.3629423148291
9.93540367366567
9.29197887674119
9.06541691269599
11.3038664872812
33.9705428691201
93.9254168170705
64.9725086310208
49.2845580594979
42.1280145673625
49.7303253970667
41.175518926427
25.2156079902253
22.7769717049321
9.76436041680871
8.27608510575004
4.02848576144975
9.40963380544338
7.57467555131862
3.4986755689444
3.10967163408218
3.95123357854565
8.59983506278862
3.60333904888317
1.89956491839539
4.96925493789101
15.1015904922102
14.4902693790574
36.4701407147191
47.9469336126925
59.7087277846824
43.6291425833897
55.0819863342619
38.373083550864
43.4353335170697
41.8070884631948
45.1306311498166
28.1040235549471
9.54943066104038
9.93599174125337
4.30705918078681
7.51631128073734
6.70960519638015
1.50910133944186
1.48336721239958
3.44801925653592
4.62842782937231
2.50339238471359
2.03770593839789
2.43831479217311
3.88044372248134
1.98764919588045
4.33117888513108
18.03035016265
54.7048869405235
50.0760299772889
93.4372636927008
70.6093459918322
50.2576567487659
27.7047915391246
28.2299824119289
30.9657437525529
28.9831324168087
16.1697093887254
16.5378908529052
4.98169564920221
2.70668776198032
5.36859801797175
6.10634077043909
2.64771604341794
2.11455168741834
2.7502425705738
2.05029602606361
3.9916335208263
6.97205118795489
9.87478661347292
5.23797599636322
3.13358112935743
2.39938658361198
5.83709238109685
13.1609088970993
14.3843625781644
31.3179594670438
41.5425638355298
40.6002739544661
28.0027072174587
45.3195349310846
38.1035827916782
16.6798389914939
24.5660873066674
27.4162933315004
29.5027180106119
31.5537798625002
15.2738407194359
5.24895209732017
6.69011929050304
6.05162722205198
3.49443019918853
5.59743599127379
6.55405958698649
6.63217951480426
14.2960258805086
10.0371359814739
8.36480881976811
34.4629881102676
38.1393296710543
21.9664359198269
6.71761870981547
17.2583600276477
8.61609870721239
5.79310114755012
24.171949064953
58.1056679514046
68.7315088063629
31.5421027104793
35.3792369587588
25.1564325687828
22.5361813919814
17.9231017518137
23.9998495845189
32.6247155989378
23.1361201950056
28.4253516882209
14.4571987191408
1.32781258359575
5.42077621449187
8.09424528658256
2.46915793405209
9.57588479072616
16.1737048211085
18.9759433749678
14.6714576936098
12.4405792110963
11.4255300590087
5.89667976199679
10.3307743291289
31.0204025103238
19.3819168805062
39.4093872158219
74.3513422464907
76.1294433349225
33.4786600489211
36.569203413246
50.0543755409164
104.054738457006
34.8261297374021
12.3681353169976
35.7152659060736
48.0457502632457
32.9568912628062
19.0891310672687
16.8329319260161
28.960917228169
29.2394423739039
8.20994419694577
5.00149011496412
11.0617981324883
4.62910908181982
4.17101422270626
19.9448857911758
20.9080203214863
24.0898660834874
36.4229043918373
32.1488408769621
88.7199114876406
16.3183923354019
3.80990088712182
21.0676918512357
39.1531572371038
63.0409550628314
72.8804044964966
99.5778827012119
90.1046658511501
44.5772254707674
21.1541747697489
36.05865074832
27.2408880225652
19.0450928414755
98.149847672118
46.3643713701327
34.1901612013948
42.9120265966795
23.2849437236305
18.3255670585189
23.3414188116605
7.11428429261323
2.40619206048612
3.59477512012631
6.54607754174185
3.30173088191728
7.90933271229764
15.8257631118385
17.7440861526266
24.9703515059224
84.0320836482831
70.4165120826696
52.9684781465453
81.6787276041424
13.0597898298376
27.7582479244191
55.9994749783416
82.5989003248006
70.0032307478735
77.8072984545105
119.388449888311
77.5561696546035
25.929291250901
13.7478290339681
13.4468055902902
30.5820820286166
46.4562791093514
37.3752187643903
33.5487713930249
56.949815927173
38.4640686915293
15.6999294589716
20.4230040221193
11.8946629484018
4.16591173012283
9.72912703122588
9.51775764400933
4.77996860895758
9.90019190217503
4.50193312664779
5.01201218568335
10.9839975743453
39.0774618478754
37.1388995871772
50.0876387844588
57.5709090002687
33.4253968197253
36.3141753312463
65.365838375366
48.861225776806
64.3387283524973
93.4391196345766
84.0774844675172
64.4519431723345
66.4455180211115
100.926422974515
91.393788073888
47.7762463350023
21.905883740502
5.30484728833464
12.6097810896551
22.2540392539894
29.6528677573982
39.0355282182046
32.3072147030417
43.6357442075896
74.3827820873275
64.237394577545
35.9114695766729
22.7811976696844
17.1954816366145
15.7882660874285
3.68663609912352
4.77475134445844
3.64916302620515
17.3053212334031
20.7808186397474
40.1321592107518
57.9059374207778
47.1165359229956
33.2610746460436
13.9476411467862
25.2448356010414
54.0937909095782
71.4301934311597
105.663760385385
94.1473143334552
86.6663913079346
84.5407695546309
64.9265323346
95.1460413929006
82.1824197640591
74.9873488572493
79.5992958349349
24.564335521441
6.99210057498663
15.7622839724402
66.8592308123447
72.4282132204645
67.3472816967478
83.5693799509941
82.4944461539679
101.339350953446
57.6965361151572
37.5679782513526
47.1939179288035
21.457910075374
3.19131710405019
1.90419073955576
3.61983279492942
19.5312002278365
21.7249887369925
31.5980159702763
38.1216927436846
26.4895614568936
10.49759044093
13.4463425509056
65.2523263866528
78.8023742834817
61.8754688437286
97.5558721120856
82.0452246546943
78.4536911689592
79.2411034878684
82.8892992052797
78.905315888078
72.1290527635919
59.9036600950116
51.6822211528178
62.8308307341769
16.7758223011811
18.2425189363622
76.8825889129387
52.4520554298425
71.2193198993034
62.1675048138849
72.0949981560821
70.6462793882543
25.2387859346974
36.7766391953022
39.3601225196061
20.3805191795448
14.4756272530791
14.995623129587
12.2808126261006
12.1786376351971
22.6161508648741
24.7917724131952
35.7900190148847
37.6622162841044
52.1520101074611
15.2938330444774
23.3943729019764
92.1115245079188
66.2912183135645
96.0961832694433
60.2935891938548
109.237764246384
97.5389647349149
89.8838771598029
72.3258846499944
94.3168894841616
82.0312708307738
62.1488779788739
60.0833844214836
61.6950572701886
25.7511050984692
23.3533950578122
60.1335068909179
63.4133797215622
78.7655884364247
55.4580165326282
56.9125965678004
65.4846248222461
45.2998055707687
27.4150718558187
32.3526250830255
13.9349721150505
15.4491352674677
23.8993976336287
14.4227082256749
15.096930382604
13.175717503519
13.245468735015
36.5667270036144
52.7629397609462
43.9996070783168
85.576974760144
41.4894639724663
56.9766071945408
59.8308361975259
85.7672304789686
48.1148704437477
89.042710909408
67.7317547625918
108.09566064152
95.3883569894489
83.079533793849
73.7184954102459
77.621885718969
77.1476556663212
82.1731164701786
58.8185643010033
48.4767918902869
35.8375264085523
48.8699690468488
41.4687357976261
67.6125988082867
74.9465101268467
62.3182325402437
57.9745914409603
47.5360416239017
53.8604613360517
43.9533059221695
33.6911501896249
17.4761495954527
5.08971568374591
10.1719454667905
7.18026009799703
6.34508455713152
8.54222909671098
7.10101598390478
13.4600405181119
27.2032735872458
56.8208162466857
62.8560419038912
70.1459170837124
60.2198827324153
64.7476785901576
50.9800297055433
74.9244377237758
71.8395349386433
75.2483965687878
90.3704505006622
83.8848381732575
108.344347865924
73.6494989142403
80.6330336001779
86.9416946877674
72.7374719629532
75.0739597405645
80.0877128335194
66.7752918234315
50.3009224726005
71.5038080762719
26.4057125871921
65.3743807088106
45.2258227221865
59.9954212887277
74.3885645975826
64.9949653023851
33.2463460495155
33.6062265057066
25.6296401913952
18.1235890772668
3.5997001983521
4.61077227946229
3.7202116418225
17.8419936879522
4.80532610074307
8.16019658894995
30.5533597225825
43.1544085565691
78.483104119112
115.047454319574
52.6555270378239
60.0880303255323
79.200124260747
58.3181164612445
77.5506741114059
40.7002592154031
41.2406080527101
60.1244693615231
83.3321516596184
92.61028340276
62.5456923138556
58.6289722076906
48.371223790791
71.7359292658864
69.1114615480039
70.1277055920742
84.9354773833162
43.7726872289407
39.0048180299946
40.3292318078656
94.9366712627141
83.2132578186455
69.5461968836997
83.0858948826681
50.6998466916617
36.6036322593992
28.7570034168214
16.4088667432959
11.729325959934
13.1406141283914
9.91536818972362
6.74435440829967
6.42285476543662
4.60512479922685
3.89888464791748
21.6621656269097
33.5172266141386
68.0157818448133
74.1134579684665
80.6008515566563
59.1417390179313
69.4433074755719
53.386430053801
49.3942416633828
75.6062177437393
57.0888247141358
32.8039657293909
62.7076159137846
61.525990996805
51.6753292219167
59.1292418312981
36.5765569363229
39.9783786809765
72.701314823337
50.8224272674134
70.002068494123
68.7642228234153
44.4007836257634
46.2855710294536
86.0853701491051
91.6227697197197
74.8317926125447
39.5086379133813
36.4337344199332
21.7178848381419
16.9709583067635
18.9070590430659
8.18094022832059
13.7603694777197
6.39589675899232
10.8214607014296
5.45417345269447
5.14608917201747
3.87639783858641
4.65392317179769
13.7963584439483
34.7179743509015
47.2766659016678
54.1818742486637
52.5691398303649
62.1199726206961
73.6679212696936
77.4603885874833
62.1549220825468
60.1502627870906
65.18138813728
45.1383185578047
46.773492517359
42.1475896066063
39.1295034262762
63.0831938233255
49.3418783234689
56.4388107852221
63.7345213283853
49.9346010649067
28.0587084307491
57.954419660345
48.4237824840024
71.2728130276249
68.4417308712226
54.919067635335
78.7384840207614
57.1827744963631
26.9906714395361
28.7088012855968
10.2893330209995
11.0049082363668
4.95362911880758
9.63906193715202
11.2065507295641
6.06632170411454
9.57035322017007
4.71098677821108
11.488028306029
7.24179407707482
9.22441814013152
11.9575629580661
29.1288066763747
48.5392947268599
56.5551285279611
46.989232554738
45.616064515581
82.0289981916057
63.3529536579248
80.7848973750811
71.9246910964828
72.1546717215062
55.1889747492232
42.5438151880447
27.8716050585643
59.7786261988807
47.1570438404474
67.4036631406983
57.4873588630603
56.1221467326375
65.6946092910681
28.2062132116989
23.424386843507
46.7493879785519
61.4793301905502
67.0299963122315
63.7970572249788
65.3758065416112
55.322299325415
23.0867666638035
16.0907734658535
4.67452643744949
9.19896947972894
2.86293166293619
12.2918119279873
6.94850458444026
5.43823383633104
11.9485549697786
4.18459399524968
2.98840373901143
4.39581451640832
7.47155696340093
8.8719687478447
20.9599821571911
22.9170582424297
17.6907649983447
23.1186322788013
28.2395943242981
58.4617491675683
59.1410041260797
76.5429194706923
60.5997175524466
72.6453589921039
46.2694675050145
52.67425729037
45.0138479378519
60.5147729995655
50.2246631859129
43.2312126797253
56.9080706815016
66.9719391094005
65.402261958741
67.2848319908163
19.4378494517207
24.8329835492904
57.2488135712323
52.2814536972412
69.6254779778013
68.7610615200283
45.7325977003922
21.2413978244825
8.48428603043824
8.07429509557116
5.96746551610933
9.32062531873405
3.82361612876692
11.9733339445507
7.70844560799719
3.96842903160466
5.63283171856442
8.86240855957788
2.22822223911866
7.59973447300165
10.1969074663347
5.16482615447752
12.6152346639239
9.71161694835529
9.39124239711093
11.4099786593206
24.8195512757757
34.4057083067213
69.4488831878112
67.8573346026815
51.2639526859722
43.704905443483
10.8770554551687
27.862728293699
64.1540137411743
57.5629552483859
75.0587761666948
45.1029450663487
60.3096780104532
58.3502988047062
60.7442993963971
78.8651553330028
48.5180682673424
13.9003898297214
31.363777806611
49.0666565346859
41.0682756990306
79.0821683696755
33.177505537137
27.5368679954542
12.6684476406946
5.02550938490263
6.11461887346679
11.1643543125503
8.35094118058093
5.92170272808285
8.91944731514578
3.76137201460468
5.31334127319101
7.12711653704606
6.32769321748092
6.77937641710363
13.5641082030045
17.8409757557274
16.1682435309981
13.9942311704987
14.4518934772393
20.7922297661001
33.4290171637828
32.3813885019087
74.6749301708319
90.9406887116127
55.6768037850292
16.4051163172565
6.30601222223877
45.357872026852
59.5402442336246
59.9649021307168
50.6774117333036
46.9893053719948
59.7302270806153
44.3206218463554
58.3823676748137
42.1605563159505
64.5111832374254
30.1393821732416
25.6932483325475
56.2313617777837
22.2661778356886
39.1811850642959
27.2188087129553
31.2012614905269
13.3754082020522
14.5130531651989
5.17141121004772
3.53917913479379
10.2011391538595
8.54854127212551
4.52558144616667
3.88329376597378
3.3763998180096
5.7321046035386
7.28421195911314
13.1045172446099
10.6314610213049
7.66152287228098
21.6734380452263
33.6880483928197
32.9219017257468
39.6818990579858
55.3859476468682
78.8340964524615
83.9478098595939
39.4292908441246
17.8497563769196
10.3672780944591
58.8508448178037
54.0425581304845
50.9303527714504
37.1887119989491
50.0437535187975
37.9964545996108
56.0952854526554
58.6654283905095
53.8870548976715
57.9727156918886
27.0022453534651
35.4059193133619
48.2304689765279
38.8044366592061
27.7927675541132
28.8780499903952
33.3441854641294
15.7835425638341
10.9839462242608
5.9053141206061
6.15870481720581
5.66347750454305
4.22946902821679
3.22389567683935
5.30762262319126
6.78360514398943
11.1008600901774
10.9234569944625
11.7758067872672
8.78167722789937
19.8751567960634
29.0140525595225
45.0371939291719
49.6226625401299
47.8557447117345
52.2970878926439
71.1925680005533
49.0768617221032
36.641442408427
30.7586473644504
6.87990488028553
30.3085005319232
44.448466168463
52.5461792263364
33.7681312476829
31.5694184677963
36.3176904410892
33.7532153839822
40.287336444008
48.1814173721298
27.8942576624723
26.5531501637588
49.3055795990104
39.7831684220149
42.4839418327014
28.8759436611446
33.8288548450867
34.0553603542802
24.4257759624903
12.3851416516258
20.6418795957519
22.0712137226108
5.05700662488306
10.0444448306292
8.81616829766286
7.47219180234708
11.3472017595599
19.9295731755677
24.789599942761
20.0070954785366
17.4723434427194
18.4532842393047
41.6914972513635
43.5836810544168
41.0746680097022
44.6038397124427
59.6170426498979
71.172237011102
64.3593075990136
43.2156501392681
22.3197502453889
10.4082966363292
7.55401193198027
30.155570337635
38.242819164883
42.7927759015611
38.3491828775017
41.6927761101025
33.6345381039956
26.9498674096212
17.8106276189267
13.6980832528596
19.8808704185277
47.6409762276232
40.3896433536062
58.0810379553064
51.6011258054863
38.3081487204112
44.1560278475664
27.6248706581803
10.7584796004958
24.914074766086
13.7409430187096
29.6065734986733
18.8617151102206
13.5960313467998
17.9104837666151
21.2057731940324
25.5283971261332
39.3822551746225
45.6549338895949
35.2682089687297
29.7287599916633
40.7792527366667
56.0773836077709
47.5070383449911
33.6230658065944
47.3106829757829
73.4134969576522
70.1921482891787
34.8601927778326
54.9429878353941
54.9117954697155
4.65642633437169
10.2054600086401
27.6468854129783
27.6196898695283
52.78345641654
61.2833467205497
46.9303605116805
47.4069056437517
29.3573182804443
12.5997870769512
12.2189729665871
27.988068553994
39.7776150500107
51.0413940326619
59.9458907762684
50.7624627961809
70.5499456692898
29.0804563927165
29.0684339298784
26.5630679796685
15.1718537441232
17.2196050434977
36.0697529209088
25.3832349146504
21.2955715744662
13.3001952521744
45.7476719250257
45.1182267228038
45.7717081883654
61.40859463916
66.2984909455866
62.6810496500418
75.9230220438492
40.2980135185489
72.7110149172328
101.462866255307
81.370476941612
58.7425425270848
73.9227508207698
45.2646350916902
8.20184404613997
7.73314046373417
38.4777359620822
34.1139356304871
43.0256081047012
42.6676086310956
35.5816819016123
25.7147821189671
22.9112429480073
11.3034121912154
10.4440455924248
11.2953230798173
23.2946598181805
33.6439506903669
54.4158004985101
53.809573220533
47.8376233679792
40.3185531503481
31.0807043986954
35.782921334487
37.784201127199
30.9364133643192
32.6575464441257
27.4326858930135
14.5971341119809
6.31738903104343
44.7111385464307
76.3386851538626
69.3002412759104
64.4434427144253
60.1654707875567
61.5026914981316
49.9169741031166
28.0642819726165
87.4412868877289
76.7844304179927
72.7496095879932
55.8700110082759
26.7741507172167
12.8984844774714
4.64017658775072
7.60312537831511
20.8933045736483
39.811936465851
48.8614038448009
37.6996428800537
34.5715990089086
29.0141825093987
23.6994988142489
19.5345916387763
12.2584167747711
18.979164327807
18.5818001125872
18.9302521332952
26.5131583911032
66.4261148806993
52.791258585692
26.1991557569776
45.1292392184392
69.4431939199976
36.6688792071027
34.9400594176986
75.8389039633149
42.8688007718648
22.6969782086922
6.44997300348055
12.350162313279
44.1170106861916
53.5351618166234
70.5291981781453
79.0823892325482
54.4026359207337
59.8767133096228
22.324958895404
46.2565454777483
88.0905989032309
65.2274610065661
34.7937631651731
9.54448377574751
14.0604257270837
15.9056450497208
27.7631260733816
45.5707822351675
28.3897355514723
24.5725774359457
22.4867625821358
12.74478847402
20.8866847628005
22.9116299754845
17.6798887961823
21.797962622903
35.4025150093518
53.823800373804
34.843866402006
20.3578744819704
26.792453294825
20.6181725073488
19.4303746207493
54.5881633738856
84.8488938500848
46.9170810950601
27.9671525320296
45.872978811195
24.0386496740599
11.5582539372849
3.55459806859673
19.299083826541
83.3110472990318
54.4171508454847
60.8042366990638
56.5192228259651
36.2461215518033
23.1853653127109
20.6781562009887
72.2309659970764
33.257126726619
54.2339827491973
34.5522811500049
50.860908726232
22.3637547113498
41.0236881843774
26.1438539888374
16.0801039703353
17.0325591114869
23.284416767893
22.7693294858328
11.1257398478279
14.1307779283963
31.2461711350057
53.9948810302415
39.3197422547219
36.4082317375586
63.9412475782832
32.3049265408747
13.7049915132195
20.0079380059008
28.5602957773903
66.0299585726593
69.702000463103
76.9537057659631
29.7035420251693
32.7869572073286
10.3042337577125
7.11521843874857
14.2937177772357
50.6200055256499
66.6381099806671
71.4108007218924
75.105852904335
30.753098886432
27.5512051602718
40.9585354125432
61.8085778676853
31.9126258268931
48.6614820123105
45.8985981438081
63.3005062060906
36.1733309515257
39.0184049380355
38.8261366333901
26.243770702706
17.365148034644
18.1352011987884
22.3572284126161
19.536978779318
22.9167105974228
30.1714777896866
29.940135117354
73.9067659681551
52.8618376769881
56.4609700605911
97.8093235322204
29.1259704990357
20.1870383364003
33.2793990766908
58.2219393854177
81.2471822403957
67.4853872755053
90.634211538723
23.3645159708792
6.10900487596309
13.1061257329693
45.7019439063283
61.3552015190539
55.852181068787
74.3556527570501
57.1762736501137
44.5842113653114
55.0085147163011
63.6540259603603
67.2026722926196
64.359070134386
63.5246969258921
54.129910510662
52.443744327304
43.7191018564358
24.8839861167139
18.3839147041545
12.3845873169765
10.739415715896
11.1417459163232
9.00833992297891
13.5568329883442
33.3227252212525
26.8119263015097
31.1990404718668
70.7182770445191
82.4887744948882
79.0456442829389
41.5770960495895
26.569379559776
35.6741623493855
47.2563607448598
90.5536784232514
106.662444857384
55.6093960018927
8.72894702571262
6.29858965767179
42.6517346248625
121.705813754765
91.1352049439317
45.2960468478623
66.3666605938883
56.0362927692046
36.3291334421026
90.6121449337929
51.5023696232456
62.7388929759516
54.0907162858033
45.6062828967486
49.8361313023064
22.9310102447194
18.1573892469011
7.08095379732341
5.68402981592283
11.1934413276202
11.7666762852623
10.4833356717855
16.580874560481
14.3801150046347
28.061795878682
30.4144923603557
31.9270158010046
60.0919228563866
69.2391207696164
41.0622169932076
55.0169185186418
53.0881242996416
50.9302565063557
61.1572239705742
85.1333527295744
20.1387277461494
22.2007020276591
43.6222693505492
56.3172065162703
21.4560792124315
50.0832522412165
71.2725085163837
65.6323192843439
63.8213397286046
39.5067645579848
64.9491273347259
69.881833649456
34.4810970203396
24.177209650312
27.8298083336294
23.7394301416781
16.8823889355798
4.70069852055301
3.22864590461478
5.08993298111346
9.74241537771216
22.5567688344081
12.4535540695705
12.5096980488521
25.5309430802694
25.9417369801743
40.4679954234903
56.8606606277074
78.6330268538145
49.2589900214865
66.4322728105069
63.2043825019015
35.8038408944436
42.0190733064242
6.99499090951689
14.1018117984645
21.1682800619003
32.4208772265335
34.5896414458025
58.717394237111
43.5967542174175
34.0361570855254
47.1631115346431
47.2807445758865
35.3317376789021
19.3641228884908
23.6020534174573
19.1125659439325
23.2752231059069
12.38007362637
5.58856833660285
6.31235790263231
10.5264564504916
17.8008595799059
9.68981435055146
9.93166882037739
14.4577536117896
19.6395736665336
32.3513615137017
59.3072231480652
73.2247740252515
46.02707544232
75.7973168543481
54.3288711920773
39.3315266797957
18.2768580943217
6.86999591810026
75.6036105935063
62.4656026718094
22.7686416822207
60.9781199245443
57.2660518918574
62.4892824348781
59.0679199663616
38.9431414842759
21.4772494765737
19.2626729357976
12.5425625052904
13.550453705285
12.6121296600585
4.48435218929369
3.12181064823601
4.26902798195111
5.00461530548889
10.6437629766811
5.46358502179447
9.55010133262519
12.3039950722326
16.7827184261869
27.2538846240507
41.1132282670242
61.5121563845144
56.1668172387462
62.4285054375652
27.7411541431489
12.0603239265143
28.7147691559916
59.1923410880503
43.4717926033783
46.0905759135873
85.4665105089
75.4004772382379
68.5699295370769
37.9578867550939
17.5880982736721
20.904026471262
11.5495455736076
9.57917979279221
4.22247355094373
2.28074797198097
2.86751020459326
2.51776652458683
2.19590895675123
6.31559957704165
6.68257870000742
11.5379950239609
13.1482948499371
15.1331495617561
15.5731644545745
18.0399142948855
22.2214129404363
40.5357016445393
43.2327263807187
51.9847302425357
20.6934363716822
34.795155709002
55.3073896492719
50.1887604371544
43.5856068952868
51.4937475216628
54.354279427784
50.5942039060439
30.4031027179683
17.1333480636831
23.5429564131796
12.1350638879521
9.03330832825308
13.9542971473265
2.98444864903137
3.96476423339465
3.09354365498568
3.41456254550495
6.79578157411236
5.70199898318199
7.04946795687662
8.18439526503305
7.73116820748504
12.523456011695
20.202083734731
30.6600764416293
39.8848531367113
53.4863788932019
50.5547414700533
76.5582432552458
65.6145691290061
64.2606351488444
53.1215784756495
39.8985979317549
42.4175551900465
44.3678888836855
16.6244336343149
22.6477247307657
14.8789611161199
10.8000063660938
8.80579566065116
3.09528047393098
3.74542017380712
5.46457495797776
4.41860527055626
5.11938366171386
4.44893632443624
4.78912544230313
2.91243970543775
8.02846688441594
12.3854029052392
30.473068364685
36.5268716114033
37.3791757884441
24.8823659609153
46.2380473965093
61.9656881503476
41.5911843262895
70.187561633816
48.6826874318254
55.5885509610895
30.1099308069913
22.1721041667575
12.0034017184457
15.4499451197974
17.9341048673097
9.77460487073397
13.1680786305912
5.78292027475721
3.88320504187594
7.21432344498576
3.59424776903264
4.30720154118579
3.42910379672929
3.07032067669395
5.55478995964336
4.55428119686909
17.6273339077821
21.0696355394792
29.6015468713025
51.7276578419424
77.3300142035978
31.6191407465429
36.3493825979271
26.8020048236318
20.8406562971125
9.82764462411559
10.3959906852961
4.24714485133238
7.85851893899947
7.8772895044407
11.9922990536751
5.90416528427692
4.95857548220369
6.1845264837589
3.48671654226135
3.78441482743879
3.6976528395317
1.95509795404299
1.63797806500879
2.6239971689164
3.38429940388303
3.08112567802603
6.16021711570081
27.0808549125776
28.3604861895503
15.0209064505229
23.8930195199382
15.2263875509095
9.51645645934641
6.65908547258496
7.70519178452216
2.96469724336939
6.58088544969816
5.74871798544446
8.53856866427771
7.75578287747298
8.03647372342124
4.2704437018435
3.97529800500309
2.98411113674798
2.08152710775683
1.86803156055053
3.16142445539636
3.08165961644468
4.12109059390194
5.263413829604
4.81831116657257
5.7254214123017
2.99580211061219
1.3521491503845
2.7840085338757
2.91288142424372
8.80162718482064
6.17384440380446
8.58797242289142
8.06664425963392
5.72651439868245
6.90115381846296
2.71474253964031
6.24831758782934
2.15419743199763
6.33255219018052
2.79279688210461
10.1437250996334
4.05522513077755
4.82461577302132
2.9082743739589
3.50032528355591
12.5310089106823
7.33095055118841
4.24839031829875
7.3445969372643
8.09116119652681
5.01923475936166
5.42999260044697
5.61280114593396
7.10106161267
16.4215364324176
11.4534610050789
9.34999958215566
8.57311767012984
10.9055907721893
10.7153515054764
5.9322968847774
1.42935216728458
2.62063009165774
5.9058284427019
13.762012051783
16.9302184047165
9.90417769021828
5.30338958951427
8.00529215041322
7.53667754661207
11.9796067114372
8.16308878294346
6.8086411619987
2.34548530588477
8.44760333148863
3.36069243845955
13.5213753715218
12.4947450884545
6.81582585644799
10.2179215316673
6.9540084945759
3.51770496725749
3.47841862254598
13.0528685754855
11.2615347381964
10.6036682552144
43.7276800904014
67.2421205091332
54.0601506199233
45.3578471359644
25.9144947771929
7.52243774563016
2.54555544481482
1.19084002825135
3.79837906942702
3.21400939679795
7.53978203732918
4.72216962700413
5.03736575219518
10.3349498481153
83.3015808547868
51.5328840121768
115.728719428411
76.9813092258121
118.359669741527
82.7662464696547
36.0039374657715
20.4049258697827
17.9245725421188
5.61536397078891
9.12965452171608
4.36897209686602
3.2774958419995
3.67501736987838
2.42083729537428
2.9794309413467
3.08351751201066
5.92097462101284
4.73724749743574
13.4230900292347
13.9151906693402
59.6033976472924
97.8348876059067
86.9234750427525
82.5824200609582
87.8730488672061
75.6980024589744
97.1180671934034
26.9659697741573
68.0777428590272
29.2154055129696
12.1412824708193
9.91149492426581
7.05401785150652
9.11298441704529
5.92988347351082
4.5322495310332
4.16657028865328
1.78604604876755
4.1130266976235
6.70426401930023
9.73532450756479
14.7229870940219
38.8973410433175
34.9440173318772
72.1206225151393
115.879932479175
77.7885207792363
66.2734850413247
81.282281064741
108.373413434858
83.7901317100847
63.6713011580838
86.0847708118012
40.7509131412182
12.3227472134232
15.1554331418391
3.40041714043614
10.1780814927787
7.6809114414627
10.2942426729109
16.1369802006155
13.8351782462929
13.7341937446266
14.0065762775428
13.7215622038169
16.8714130512935
17.4097209062747
11.4356920783568
8.73145550718852
24.2545660638105
57.5066705000158
73.8208695036398
70.6752643640835
104.550032963467
100.308956048884
73.103855616117
61.3794113802553
102.9380246698
67.0040242126658
40.2691488804787
57.361832896166
38.1910231335629
18.350122708796
6.75540906930982
2.13918733652515
12.5199290360881
14.9222421173394
17.2648886217546
19.9127107838825
12.6111394985558
10.8744281567702
19.0125947328058
16.075058660523
13.3062434552142
19.9116626663503
16.5634866701458
12.9733197307731
26.2955841978359
73.2077756965011
55.9861370921309
58.2603624532723
96.5729008038469
79.7969749479073
97.9693823121059
96.053464520541
69.0177512998208
42.5657673021611
59.4315948040597
67.5291214160797
41.9962172123523
7.85945856442658
8.34060340953453
2.39054726482664
13.9027327642853
21.5638081711709
27.2088076159432
31.6271138587409
37.8029542759357
37.2927608767943
33.3124076189391
50.1924643897122
36.5782103054495
33.2103209167062
24.5037855609377
8.88683348983598
9.17960258279298
32.6158454171494
70.047259866831
57.5628709257224
97.2861600785326
93.3272622097807
95.4394595135003
78.1774328080539
58.8319163928301
59.7715387883514
38.8921580329847
60.0919568751605
55.2424749345549
88.4292160926478
31.9390987074652
7.40918583010555
4.10655100717215
13.246297225852
21.7166996204982
86.5259810748708
52.7956935681464
49.0951142102353
36.5540830192456
33.6550943870776
26.3969232581469
26.5135540539105
40.2826481306749
32.6464944277682
16.674317188313
28.681781263375
23.2073603871676
34.322140943979
49.4142290462968
93.5241386521924
94.9852011702041
73.3411888861816
63.4500590922707
81.3827481573191
97.491085430041
109.484434274027
62.3739784352933
51.073113816849
57.1608265398564
43.2387742746808
22.5619054092678
4.39285091438306
6.79269308551426
5.51881666459375
16.7106078623719
54.0538714008021
53.2412497496875
27.0416645370607
43.5036229159157
40.5244398889691
59.7077803654538
30.4469779160216
21.9657622916932
22.7867618466851
23.0875371330407
36.6137358272758
40.9526710206734
58.4315838620513
39.6780128854353
26.2234009941365
28.9695128013862
64.674693920782
78.9281102972037
38.1544411538964
85.3691303117107
81.20882630862
103.20811962605
82.0108984237875
54.5415432961572
50.5305448438067
35.7426126368615
29.9828168461642
2.69731382985582
7.05824750553808
4.18832857521777
12.1339490226998
19.4746940085131
76.9848072894858
59.7078268519093
38.5903455708072
71.950540262186
66.1481268775526
42.9995462152178
60.3943798008201
17.3785983458486
12.0213070774013
28.6470139847101
74.6613439001307
62.6127859422772
74.108759467646
109.671712904282
25.0143181151953
14.5132294038724
39.6804716595722
30.9621674260524
58.2767922787601
81.2939104490655
55.4863101239094
59.9988837486963
70.9728574591228
60.5885371466466
61.0447342528063
50.6511143297556
32.3557262976339
11.9506867372489
8.93729198354169
6.48474949569495
6.84323214409457
5.24512289299889
9.99983071422542
13.0916939875498
40.021648722306
80.2545866647299
58.8068756049738
71.6005929266944
64.2967037259147
55.0753850364534
43.8170827849924
51.8877956649824
18.2284268986267
23.2311878039554
75.6076483345857
78.9096606499272
58.2800025133091
61.2022780915502
90.154212463735
58.5574108177098
29.0000899894539
26.4981759538354
24.6431269931029
35.1323969719543
82.8815591327571
32.6012968263611
59.1355827963739
54.0176321386389
45.6872015800821
71.2838888816151
91.8660116023033
38.1213522000753
44.310688351455
16.5891709666108
8.26719774206848
9.22289497448454
8.75875608065304
17.9151901249195
31.8643303124414
53.7794447810752
55.4013665400302
75.2707390513362
54.1290200373456
66.8279700059124
35.7525442699261
38.3565620148188
32.4248266096729
36.4581487903814
75.7089422077497
98.1984743302398
85.8512250198185
78.1073277086334
85.3329739639683
81.7905766859227
71.9017502379198
53.7644520141739
45.8064092250254
47.030643904209
47.3913039736428
55.4371290726013
54.926454881002
74.4134942137191
66.6950014821333
81.0596758827472
88.3706592182371
121.73279361279
81.4831569156984
75.9116503049885
73.2650469486731
18.9823045644692
5.65811069259792
6.4395523601091
18.6667126688759
32.8520711771021
61.4600662647127
74.4969036192332
59.3188071582397
66.3222865198075
65.8116900194632
39.9568508266567
37.679727699696
61.7520876906491
41.1162427039485
29.5687583760064
69.3908801655516
100.17310183346
71.8026614277327
76.0839868239665
89.1657945399065
74.5921266089014
57.0425983021496
58.7629398238967
67.8243356912003
62.8072958613684
70.4612957851089
39.1010996182566
62.0215948773858
60.9053439571714
97.1497061151095
88.3844010802005
99.3532967687991
110.070082229625
89.1018103713088
85.1371434862422
63.4042649434683
27.7572708515787
6.85426784131727
6.22187353833344
8.60977043424473
44.3329405087653
59.5852991613014
55.8615659597171
58.4842678832266
86.2974731308835
87.8120443929374
55.9162039833813
69.8663473621456
80.6296527937799
71.1076281899191
65.3129360721063
41.0585711113987
98.6667226717877
91.8516830521011
95.2937565963474
65.6160590529351
71.4207539019989
50.6529772751699
46.7436071134465
81.0501755273139
66.1376382607789
41.6574590132617
82.7488351740194
61.0189624969191
64.4595180933414
63.6634076619335
61.4169063572589
81.5787073578281
86.4465975126358
69.1646315764308
57.083848200297
79.3827040085357
54.3136581772542
52.1959912510886
13.7265961179275
2.10322440415153
9.8019774820391
11.3842017691309
34.0751738928633
62.8052750620103
84.7305573834882
69.8534006075703
86.3645448395743
88.3044294749216
68.3883891654497
73.3009349266618
75.9932388011215
68.8263827819151
47.8965412348325
43.7853388430725
87.3813877110598
75.8027575734518
77.1591643575529
68.323370228677
81.3404671540631
76.5592890753747
66.3680740621571
64.1517602290924
43.0453986951878
36.8182938120283
80.5833840975546
56.0674667917817
66.0134489642759
58.2732397412548
41.5080912028312
55.3214480000931
74.3723737428782
84.3582368150988
95.2247491512376
52.994417196523
18.8745870727327
6.08814424816081
8.61355984699146
12.6945110510639
5.73574600256073
11.2404114158868
37.2516826569929
72.8955350825771
127.303262500586
71.6453559450269
92.9304848210043
78.3927779181901
89.7831004648496
44.9286045297413
88.8167255467971
70.7422019001821
50.6600999879545
51.4077815288307
81.7874469046103
77.6591821841224
60.1754603440944
56.0142182485204
68.3345910282044
77.6644308986506
69.3552070387553
71.9518974412997
26.1030340596404
34.1464224164267
84.4398367052785
63.5692024730882
74.7404039186688
72.8031627218995
61.3334083613311
69.5183122345167
67.3774027093359
83.9339392298926
58.1685515823532
59.9985942059888
33.0105451269017
8.30560008141704
10.1664951006685
7.4281124121032
5.94785446478601
5.34977151675842
9.52834157265048
8.36533917708506
31.7180999936681
15.1892972772191
52.3167504235849
81.1933382551032
100.943956898613
76.1338235625823
96.7043994292283
64.8614856063453
88.3437110463828
77.1230295920327
55.7744974733885
57.1952550916007
48.9257222915272
87.61942315682
69.7077512157265
52.9652634476531
50.2913401184507
51.3651171205154
51.8010475891969
74.9595082714997
73.2817969946425
40.8571644461587
60.554164119483
51.7871678399692
75.2765925066857
81.1002664206412
74.413288480573
70.167118459777
84.5476608919655
59.9160755656008
56.9117970209493
49.8283844854672
40.2340806698629
34.9104643188628
6.60556087764283
6.11927793026801
18.1177100328541
20.66428702228
6.92806531513034
12.814996263631
31.0528478251803
23.2312863743449
59.2211286138453
86.0125155468429
84.463421242618
110.361763185969
84.1835712107354
62.5863612890408
53.5535552647437
71.9580903074103
57.8711669554246
54.3889286120985
41.2735079488728
40.6622779950058
53.1088015835274
42.5723807086624
45.2161288255409
34.7575816007624
51.0492467664171
34.5044647125472
66.5509429438078
47.0855648146913
37.5686644014465
34.5567182062833
78.9583127401027
107.716534539584
61.1019284083663
78.5870661866345
68.4535573440317
35.9003537735397
20.9733576921213
47.0376966784952
33.3137927678101
39.4455260590751
15.8895774114985
9.30815074269345
3.31712306839256
11.6415470592657
5.65139285628474
6.95191457838934
5.19423076149986
16.0221955640279
27.4673225727829
52.7771392499166
53.2452218001378
66.7321837993056
78.6206934147253
57.2821975205243
61.5804010761535
70.9417476022351
61.2993013277759
73.6358594208254
71.5008936496244
75.7907787869425
54.5384857900205
28.7205960041981
27.5422622647338
54.5449882522926
45.478094731319
55.0840047310275
48.0164912198577
40.3259848498119
28.5575746735429
34.7797700650109
48.1532186152082
70.3406193180012
75.4164816783777
79.4322018557988
65.629428796749
76.5717375303924
32.0873997940872
26.7535808151185
14.4235332569472
20.286699284731
21.1001728985825
32.346873473753
7.11118905172943
12.7241196477851
6.87765561646931
7.42133686495318
8.46760658014936
12.8418381183271
16.6127313198875
18.7854105431784
27.1246297538675
35.929033745303
67.8378035099581
64.796942294139
63.1322105345233
60.3189929112209
65.7488722457874
70.4101724170253
73.8266719886995
78.8461831643861
51.759034317318
61.5654616835659
50.8190544604841
41.0549499700088
36.4411198788628
44.6695892099167
49.4192563770347
55.901877688285
50.3359633440312
66.3784414890285
14.2338909198351
9.24910804007233
32.9931055651064
70.7630842818318
56.4743116255773
76.4183770460368
91.8269044900915
73.9766200565015
36.8660805651242
21.6089843100143
12.4712473107714
8.91466128627419
14.5740664875576
9.67645963267947
4.40897465404566
15.0262784704294
3.89207779878845
8.00683220980379
15.8025842047016
11.5569415968912
6.17399293760073
20.3776636672555
14.8047273251098
24.4980063416103
57.754479929411
45.4375389166947
50.4269315136949
63.5668964688772
70.823156298062
79.8332608297146
69.6501683609007
73.4563410393705
73.2803861160995
24.7305035119182
9.7966974195853
29.9339512708885
46.1101514061033
59.6243909055734
48.7452153618953
48.1703969334513
59.2347143768511
66.8496924918043
50.8392691639934
7.25928818889462
14.2927280870138
39.0817377370477
65.0289751050244
60.1436934456018
55.7359574342172
51.3665760218899
43.6676024811742
27.4588570659385
10.4585468325424
9.92070270036109
5.46749769250074
5.55757261203691
7.30940292364828
15.140652861342
8.82295162700917
6.0104809312626
8.5671144424334
5.52487684789749
16.5391194636566
23.3204366734
31.4355765415999
40.0764491061885
52.6797055390563
47.0978572145425
84.0755183429129
93.8155833852557
87.3218103879601
67.4547742978553
58.0183581806341
37.2204462145123
8.72927528282589
14.8436728110361
61.9767862445319
65.6667335970519
60.987253725846
62.630555120783
60.2578049723117
62.4496060668871
69.9322086127291
68.7782728388485
49.7745514665675
7.08394847650693
16.8183841504585
36.5491038073724
63.4123526127667
60.3321135446411
66.6351266260861
39.2618167492542
25.9418485836444
15.2738597440904
12.6593452768047
10.8179370631698
6.76720996511053
7.03296410430528
5.05998659979082
6.29154644125659
7.95103176036844
10.4853484800063
10.1308039636221
43.3327154425666
17.1150621395044
41.3282314258346
38.6951633431108
43.2880144662538
47.8355841804247
61.242317941135
62.9697257512359
72.9846667794067
66.9461939132246
61.2639776119459
9.21577015569601
6.68840953174581
55.0368753601068
52.5011496538917
67.1962864633123
53.859956531619
52.6372809131837
50.034589595237
45.4547104641612
58.5989923000256
36.6734810579852
42.0929673819339
10.9172018015271
8.77829069549296
51.0388856680222
39.1222696842881
63.3954765564759
69.5512985751193
36.2629646466341
19.0057048651694
14.0515321956647
10.8370991623683
6.10096073564761
7.28528181083216
4.52643353839891
2.36225451563348
6.58875240414427
5.56985076697325
4.57214547053305
20.3707720299417
27.8032479911654
28.151563054651
19.3130704217438
37.7793803427509
44.2477391112247
53.5896507083785
60.5408369460565
51.2024730803649
55.5104928746677
66.8868916481043
50.8027897073113
56.6750914189121
18.4322293756295
13.6797161907223
49.6899918585678
32.8910582792369
44.769462922988
43.3553485132924
50.3640303559522
46.2511849843806
60.92230710194
47.2044637808701
49.3637606262757
38.9554696432076
8.3210420268938
11.1932259243906
20.4259688175675
37.7678364920073
44.2250972220342
38.6366306873755
29.0385141691489
26.223864162858
12.1436581454376
13.2761009566491
10.5185143039621
8.3192314984003
8.55920877089346
3.59267404950465
7.18671257020993
9.48951927691534
5.04109237223374
27.6300287828832
36.2981963934619
46.2851108328458
35.622674074582
48.8809753462166
50.9854108705566
53.8912848314752
50.27639331868
57.1083334512255
65.8408207890865
46.8023763887563
29.0908318579132
23.2125751758142
16.03170571195
17.3326594437033
46.709113598307
28.6558561554765
24.1741822099378
47.3721591705701
42.9660699814012
42.7419564921065
49.110563247913
48.4003157314253
35.3740888889625
38.3901347744998
5.60775035874156
22.0819956211111
17.2968059950799
28.5900633604931
31.150739961428
28.5494523299676
34.7783215425337
34.848589505823
25.9468903113284
41.65959544868
19.7142737230377
15.9906570255135
10.5247754789917
11.6440561293251
8.98657950670581
12.132823952283
13.5319773749615
28.6804944518749
33.7815319389511
64.5017582808052
41.6195400548201
59.5328168577966
59.223486002002
45.9488022032569
41.1784432943375
39.3472961466115
68.8231752273685
79.6532192433827
43.905878572632
44.9083322607014
26.9952824650383
30.7029710410138
12.3864699480073
33.7526829626436
19.524325061521
50.8389555030684
45.207412058163
41.6936238051187
32.1804826670261
45.8840605203418
23.5397728048615
15.7745388259275
4.94929526168462
38.9367339777809
39.467461911934
42.6121649108502
35.0413871105449
32.9193434313131
40.6470970754924
42.4005554173545
25.4023846499895
25.0661214701154
18.3019445542994
26.2702676270589
38.8033616472891
18.7611859958113
15.3654278374753
14.2174739702855
16.7479390919765
44.8941878643875
31.2210022986354
27.2666820197575
45.5818897960409
90.7977213942226
48.43930545846
40.5903396162828
34.439999986417
68.3585756904605
85.8254050351108
80.8154827430482
68.5740792035954
50.086875742552
58.5600233921038
36.0423725865
38.4171265510841
48.6092869287925
34.565948294834
60.0172656042828
52.6778075671812
33.9531011593489
39.6423408406804
22.1364579518788
10.2597890982328
7.87130624617649
34.2629704560543
33.8016857571164
49.0247202743915
53.6061110974111
57.0625325612346
43.3390071550262
39.2011402896082
27.5865670425012
34.9784975205206
25.7192103108825
27.9960430642344
50.5586442898294
37.4099374688879
32.2607270479712
14.5720311124746
24.0639031318416
17.9743430753561
43.9033713555824
73.2668650948072
57.476811287321
54.2016212931796
30.7485896733286
20.8903909096933
90.7328716033775
79.1039780544537
59.2322674811723
50.0106924846051
51.8047499161967
40.1854914896831
34.6885285739891
39.4567154985852
37.9903750964534
61.7937700576518
66.1151126511681
49.9563353887431
39.2934148569724
29.794773295628
25.8982014474014
24.5969027721961
15.4861327750753
13.7946535628795
35.5677005079997
40.6081068907053
35.5636791175002
52.5929141586316
52.4522475245435
44.2703272149625
30.8108382909566
63.8560732257843
50.1087940334086
37.9140729474413
66.7962996863316
57.3492090045489
32.8560694144594
2.54930975645711
15.8955671611726
39.294591153248
39.182125040531
45.1761031153471
76.4439178110232
56.411216668018
52.1043732373951
41.702537987041
111.23133654841
85.5597666151872
45.084437158125
24.026415343542
58.4051366368951
23.5515907422213
22.1756406794561
30.4055420016756
51.7389810387618
43.9436323735668
60.2330805347797
48.7614478647491
54.0836046683795
37.4928634400734
40.7850590386869
39.3588324909103
28.1225041644904
27.9377253420533
31.1903568362039
36.880948404273
32.3609503237727
54.0810904207997
32.0998018258056
28.2722548310103
24.3657031390019
64.5670770623839
53.3812089364772
78.9716862534083
52.9396421797673
53.1295733222327
19.4366453842891
2.6090874425196
4.943051408527
33.4239549301604
60.931458897211
52.1007599457283
67.7981440497052
40.3611428100199
42.9983398695688
63.8439518687788
94.5706449316054
68.7619569735194
74.7020770536129
42.3711507344424
34.9599503222354
27.4506546364374
19.1396858779613
26.2417370203858
30.9142247754125
49.113679785272
51.3199790808621
43.8274727225445
49.4462228107899
45.0675947702006
32.1298911954731
37.2115329213915
43.9455405715601
34.4629157816629
30.7368120069951
75.2108305091983
52.9298309124162
38.1462135218754
32.8240456594988
45.6741836208308
49.1633546583387
61.072412592036
43.98010464402
60.8017193231992
73.0432085798215
44.0780969216868
9.12939483985469
32.7078612458663
73.6647758366173
57.049899862333
60.3883244898119
42.1330356259878
26.1326309884964
37.6764946073242
54.7946832777042
77.5384984679504
46.2423765528134
39.8930689018977
37.9253557623598
41.9443193979952
43.9243375395923
43.2676732548159
39.6207130814836
50.3373512003443
47.7514990391289
21.5310230574139
36.820279795709
25.6805471487011
28.369384131153
44.4907541849382
48.3296685818316
43.8525205500839
39.6686066563954
52.8565856693195
76.6858861404481
59.8082436076265
52.6659585345311
30.6912294705702
52.6218091076349
71.499962848008
65.1346558968281
77.3145547730401
40.6589138883725
19.4884637659353
12.3301307385026
76.7690171699879
100.295053254714
59.7667382167467
44.8759457109078
29.949959041511
49.0121290600684
78.827793889477
53.7445839003034
46.5694969554128
29.8846838321464
38.1124673660476
48.3072326478206
57.1944176437122
41.249109235125
51.1038857706043
51.2000107703537
41.0630426743867
33.1564048910036
40.3318710672932
41.7404949870154
36.7806925866115
43.1065869246489
51.1576939011207
41.0141005504016
37.0402378431693
53.2668480136934
66.6315154767601
53.0174518851611
63.7352999422484
28.8277245305312
39.4670995561463
65.3274316672251
57.9700512748393
75.1346494614702
20.71000160556
11.1099367859573
8.85364647164582
60.481280199262
54.8455808057361
41.1040058624689
35.5908635179041
28.9950355038353
49.1381985355508
59.1958822503426
78.6861126690875
55.4387155333521
58.031558191282
45.965066678644
44.5943707182598
49.0336697390725
50.5842118422869
47.4515791132528
33.7048187820844
31.2478421704288
28.5616020721053
36.8939890642071
20.47569394805
38.8626439492983
22.8985467463522
29.6910629969496
24.2832716819296
63.6370366603125
77.487473885441
66.8206853584452
68.3053792000345
64.6357527711879
32.4792675563386
42.2031316933323
82.6109950288218
82.8762160725402
88.6843185591078
20.2140414653284
7.38320590955939
27.5879555446672
97.4578960126571
65.6903948270653
36.6304483889065
33.7495394301922
61.3742676105844
49.8664867929623
77.8216035967151
84.3169867458677
68.8070873052939
47.752020076217
55.1941852684336
54.2554015050152
40.0338551491262
36.6883260444213
29.9363345218517
14.804794947129
13.2049738262736
10.9648859552785
13.1199317842039
16.52940562306
33.5575769377123
26.2091519300859
35.1487564850419
61.3814856796563
62.4981983651146
81.0070835806946
58.8992636239682
70.2324288316816
53.9372204322817
37.37898986664
43.8649634478165
90.527102369002
55.585181694518
12.1698506911375
40.1162408761815
50.2145660777129
20.5148097365056
36.3383287265007
75.2890406719294
58.5949926758402
79.4470095096938
72.1089942974753
58.8601308424471
86.2551678587946
57.4523461309605
45.3332901046798
32.8330182123974
30.8680291926284
17.784301782564
17.692422790793
9.73439082767055
15.5571393186664
14.7948565876271
25.2546065492492
21.2653288962829
24.673889508052
38.0402806654108
37.1935541729424
75.188008725955
61.3518063885721
81.7690295578026
41.2970808213742
86.3880246642557
55.2437744912872
33.8659301966764
35.9744210178259
3.24552055881669
9.58586877709849
15.3490732760234
28.5636796540872
30.2274340512345
36.5438326790392
70.0902049679285
57.0933827688255
35.0670522187481
40.852717040239
53.6815878694423
55.7248817926
44.3012439575455
42.1208908903086
36.6935837085554
18.0005619599095
10.7907992754169
8.26809335803127
7.02613582930238
13.6468189591951
18.6301048181966
25.752816639013
25.7208679646706
47.6714131696146
33.8765200982417
48.9302340661448
65.6156411709429
64.3710464423529
80.0253529662176
73.7045372123258
48.9461239762015
46.5294893583716
12.4387396955802
12.3170026729538
22.2300112510553
77.040438669088
62.4127433756203
25.3657249577113
51.9414542765848
46.0654439264804
52.0395634437012
64.4914353933364
65.245771896096
30.9886008983225
43.5075008555889
39.6102001514329
24.2492396695471
12.0869785625095
11.0359563717798
8.43056109898568
5.72929432156313
10.3203131607012
15.3068490666779
22.9965318240759
25.0612449991203
31.9224616064085
22.9114291346991
29.4106807626748
60.8536691932969
65.0097186185844
73.5379458053723
97.0097922076173
53.5436762443289
23.4094539793294
18.9710344649011
13.5341812695777
33.5041519082253
96.3828233345503
66.4456014279774
40.0185106192612
48.0232080523055
48.181633328566
58.2465115487544
53.7397825795024
57.7426765332552
32.808081646191
36.1567842383597
33.1193087878847
26.6307865105072
17.5292577895236
8.96779018560146
5.60107357675917
6.11287447096246
10.3070261407824
10.3918210791213
18.3248142721044
22.7819119282434
23.2050548910252
33.4072076158782
26.7458910795006
41.5459831353381
55.2874763599697
56.5067696031477
69.0327343894442
53.7805525872363
54.3902108121017
14.8909458250574
27.8829206386578
36.8644394169415
51.1211773069432
52.9715195905074
64.1511938172087
69.0469930658722
59.7272653578782
42.1048290308663
51.3758603954465
30.885987442337
33.2166121469177
28.3574552237649
17.1924683470854
13.194318376828
8.78512306633979
6.50878831076986
6.95552666235501
10.898047015746
9.85154808536545
18.185054904205
21.0751574756678
15.3426880953234
21.1735436218604
20.4268560818376
35.0868500914532
64.0369097771315
58.527349078154
49.0228479985853
45.3230477497341
47.5517331391595
37.9702250111471
57.940359689183
93.3011144964572
71.5805942881493
74.5744378030453
59.1890501556484
53.2337848412229
53.8608840510157
57.0122455374148
47.8728023838208
25.7956612674174
43.7460385793403
20.7069663638383
11.0530717683879
8.58688895152662
11.8343116992974
10.5714973059029
4.66935193148316
10.9499686204163
15.1959134756948
14.182445861148
14.2809839772743
16.8760062327465
18.2721360449632
29.1380900163897
40.0751617982145
66.035950329873
39.3878746674009
45.130480287429
21.1508176022588
21.9572770423038
55.5335181034828
43.6251779995772
49.6307883021901
66.4934405281222
46.0851370836615
59.3511360333648
64.7334128308185
42.8459989232678
36.5594091070671
27.485236319252
30.2249987387887
24.3717567001506
24.3024376578315
13.5096521196538
14.0525392674117
15.7142130919695
5.93950541183864
6.24062112507915
12.8871291729802
11.2227423239761
12.6438853789701
12.328054638663
8.60228104143026
14.4218957471497
24.2206952682848
23.7999517878341
25.5451447062589
21.9978205874297
29.2809796914671
46.0042927189543
72.6320572650381
42.8497199097952
37.4788631019856
40.785063059183
36.5239896929939
29.7168556201317
26.1518869395333
25.7208965388911
25.8204781596719
19.3026665963955
21.3780445372927
19.6155461843532
23.5278173946514
13.0272127133678
14.9140215194116
14.9911107927849
11.7532535089945
6.48979555777
5.77230940707793
4.23882646496474
1.48230000315365
4.36989414766315
7.20180616324852
11.4702964493377
13.325586915678
17.9751498550254
19.117766622051
28.56987232791
37.1658284090872
21.1012327108192
31.9585732279183
23.7433410406121
20.8339986064298
16.0316043600605
18.4207084127279
14.9643444303923
18.1438511617403
22.146434172171
26.5927105240975
21.3273176283492
12.7874318412954
9.21079860280007
22.6076757746814
10.5534040506765
5.46869197975469
2.90592945370494
1.17849370754852
0.997727892653276
1.17169105287597
1.95066201924853
3.82442569032695
6.48829708950169
12.7187619554718
17.8536651266581
28.0646331086463
18.508944870949
17.2340489315584
19.495610410658
29.7311430927171
22.7324593344286
14.942648250769
13.6862775108946
12.1257228082643
15.9127987161353
24.9607663351732
15.4970719374834
20.296523741387
21.5949754606339
19.5936276489
14.9710383559527
10.7334167472639
2.83455206571759
0.996353319741258
1.33326227568085
6.02749159306605
4.71069244095492
3.69434594908576
10.8411081827882
5.79724797976879
7.98696026697294
3.13398275016794
12.2263770828747
19.124691850388
17.2207746074469
15.3308874384958
14.4205519317216
35.3395419234152
27.236670418975
25.9607004821413
18.5188362495228
21.6525172475789
22.7768076022136
14.0203533322845
3.65199554424073
1.43862467437317
5.39795789149985
6.34312924727498
0
8.44838641892892
3.444645895494
4.37263544759542
5.8320904000548
24.2559638987791
15.751371050659
17.1411122446817
7.66236813610582
27.0746605235979
33.7755666606376
45.1915728137519
38.9989282812459
34.6083024980105
36.0343597618395
13.113894225597
9.93286710060257
2.11355907584326
4.61973474296671
12.648940071109
3.89401830430179
8.2115271072265
3.24598891959793
9.87066117495444
23.025630740063
38.8861377500547
16.5525569869995
11.6829046023064
10.8528992157684
18.9769748834341
17.968087333443
1.70046606868594
13.7329659431095
13.7405519216073
3.38617591713547
5.40931132066989
6.90393842159234
21.9042784784373
22.1488361854708
11.6675422762606
11.1605017255408
18.6675681993567
21.1426125938526
24.0789354830222
25.8550962573555
12.2055498472072
6.50219478205176
9.5761682975836
2.76903490744437
5.90634321445004
6.46916755669683
29.3529340876732
46.3176990269503
24.3178428732422
35.3872132699828
65.2257767011801
80.0716412441328
58.7840650592937
8.62099422571432
5.93091391093713
5.481000835664
17.4813139936054
12.416065935097
8.56884301863918
2.95838992912288
6.74543539183593
9.6985586437623
19.444232687278
21.661666817855
20.2380081465052
43.4752101834243
103.790922810237
64.3442234571928
100.707765783547
72.799880339146
42.7993367866496
38.1668384905889
51.5467109629145
25.2158653395538
10.1261534309737
5.25323051610338
4.17043625527258
11.1568978968499
7.92273545171533
8.68544899449852
14.7858751806376
2.18632834904556
4.51016930035078
8.21064857852681
14.1568185895668
13.1062726994844
27.7654469418418
57.7157398673008
93.3339315190148
134.656307396409
165.803294417304
120.811087580538
104.060236781852
46.8877763951157
60.4884407521629
78.8779598936851
36.8584587212582
9.04907065991231
15.7029176217259
6.2801728220011
3.04154132712204
8.92838294624035
20.141511944698
27.6584964090616
16.9957100529478
10.8785540085816
11.4603218647346
14.3078009893334
38.5053661927115
91.8303222475273
61.0578668146057
57.489218719423
86.0706280254823
133.06040472249
64.2204039830709
117.259822104037
121.279136164568
113.327351659917
68.8593880748185
89.5108100410301
75.534530630285
22.0471520483584
6.69738512664873
3.02536643332764
6.09564839696799
11.0125387173538
9.96127080481842
18.5957027081803
38.5297170431406
28.5675180328533
39.3890380386421
36.7634770058688
38.711934301271
51.3667177152015
64.3628236460212
51.7969824524313
43.9910699751132
70.4129181995869
66.9138121512303
58.6465463427516
121.893010184183
67.3943277966436
73.6734848614447
99.1750276365139
96.0732956184858
88.712894483762
125.804532482821
49.0036782390807
25.7741068588076
5.85796384969991
22.5626041320968
19.7879646289932
26.000068899464
42.8752274632857
62.2661165300078
29.6850184706589
48.0680003775848
57.5364892400115
43.3021603990694
41.896312565818
52.9019866555786
50.7429149458902
22.4257053531743
65.9060571530265
64.2035815104654
55.8393040199165
60.9953653775481
119.913465592506
71.8658647904089
90.6801170360823
76.3812250853758
83.2019139237395
90.5649963765651
90.3633420018385
32.7907671131583
5.67458821184842
3.27506021219579
4.38808361162876
13.0618444590323
7.47467816884564
17.7331981197763
37.0847452688423
80.9125970733089
101.422372513214
62.7781757944723
32.8143179339296
52.6232611466467
70.7426340695413
89.5909835298169
71.3675831138545
76.2128713665226
28.1075725891739
22.6967053612816
63.1377671289101
61.1229290974198
59.5779651432008
71.0819210300354
109.908217289019
108.413929963131
92.9881102145608
51.5297591809284
125.898715720213
93.7650164019507
110.405997347299
92.7189799418759
62.0046820733278
15.070558386557
6.74889765316903
9.38058425326976
7.77974424954813
27.6336052740538
43.6994017264439
76.3830131062707
72.856120531052
105.229817178795
78.6174792495807
32.6777844560808
61.2310303171637
93.6277327509212
77.9111851918093
56.6135694317342
67.4456222670546
27.5459334430079
8.9057869565658
64.43467935462
69.1402327833583
52.9346717989841
88.7492549791998
70.0356843873439
77.8221154736544
96.6653564379726
75.08225327607
119.358252668236
94.6682603608296
90.9250573577398
42.4278461948721
24.0106196355616
25.0941526293591
8.57044954332186
13.0848085922497
13.4665600702167
40.3149465706993
122.503458202369
94.1632473367019
48.5070729103147
62.3740581670682
64.9395340458235
86.5513050782565
114.860363903432
52.9732733492225
70.0723399890545
59.8786636713776
73.9673293729205
43.2840712438012
20.3338458787455
45.5254938789941
77.3332921072893
53.3293689091516
73.7439494881665
85.6743138813099
72.5369978427677
97.4645252681217
92.7922805128717
112.870077011389
91.2765038464403
61.2139287759984
46.2480063251588
42.5148116995076
31.2582585709934
18.3354349343447
12.2833722485226
6.54582657433642
21.1359957166916
46.1521777233774
101.639281656365
85.0955573399756
78.1808315478844
91.2216308179102
74.7197421413135
87.5448194287907
63.0448276721947
63.0305432580683
32.1208314993885
63.6218097989336
47.7748934726022
41.9486018147458
37.8922761913307
57.4598021181866
50.2171078655598
29.1759646856916
52.6842883469912
47.0258947292746
88.3413299968777
90.9567263813264
56.4549883209777
67.0525404381425
113.431483411117
69.3602876095191
64.2488346436605
75.7393702165221
81.6956532736116
29.5525540883502
24.4724290079525
12.6164837610368
2.14271464179415
10.4532988209921
15.9930693257933
39.9181096498168
69.7319845563828
91.9171466416713
84.5679009163734
97.3618670582139
84.2255089799093
86.0629736617281
80.4564485311089
67.0967339614292
51.6187405751067
60.0088544200557
40.3691949524088
72.0565830858896
52.0104918453175
65.1192621537548
53.0329967200064
42.0670994511527
34.2287140878867
76.8622934988226
33.3279975274957
49.0395646218296
49.261524189073
35.1114732611369
54.4726903507802
112.210393827453
98.3167680002288
73.0940475845497
59.0867356210587
66.8342749680395
79.5744389299138
83.9300187579135
35.2231516593359
21.2297945795018
40.5084830115612
60.472671053392
64.4793012280001
78.5964790872576
98.0819058642225
92.2434699529115
76.7873791491102
82.8995744929076
85.3605865374887
43.6169777703936
59.0170943551789
50.9950876145226
77.5080788763448
94.8498642623921
82.2571209040137
71.9881245383023
47.2929889675683
30.0117647249444
65.7138017126715
54.3105771754835
85.5430140319877
59.1528719508764
57.770653745248
38.6329001670706
91.2330497210187
90.1580381062539
71.7828685724631
102.078416508718
92.0041296448383
99.6533654174307
95.9741513278296
104.950998270754
62.8067528425871
7.25787863085944
20.1456044035961
18.6812627860162
47.1094409834747
47.3514382218102
86.7521291135059
84.9340906453452
71.0784834466401
75.3493164939105
82.3228655027934
52.5977191856188
78.6701912542446
85.5248104036351
35.7181794734242
52.6023553916348
56.0519396381451
54.2604635722551
98.998089538556
75.2014481224167
85.5509183662149
64.4850456123475
47.4117816693586
84.5814974357075
53.8323131134447
66.3369032458524
83.2111935045266
79.3076984270393
64.9211125424289
92.6941320409893
92.1082304414339
47.6907673358308
75.4139006101196
97.6073674239773
69.7552213200503
66.0870618235232
70.4288221732132
39.2386240999979
4.42406136831002
7.91364630450293
8.78521440919135
15.2345413568402
26.2914066802129
54.6422897004529
91.1665910827491
63.6069304022811
110.562953365619
87.0052767768591
83.6032859291112
82.4409276768482
52.8687450811242
58.9601034603375
81.9461292464791
64.5333426339184
66.9961167430987
52.7454631801875
53.6964529232009
69.6367241007518
74.5191418543357
114.523731871857
67.4725307972273
57.652163943489
47.1348066331639
72.4737871514854
60.9307834240326
56.9407109419803
73.5795773228688
91.4316466225759
93.200922422114
80.5074292079473
73.3166910749246
99.3138631461273
102.15990661555
91.4078818441619
68.0914513051376
62.7797346455585
35.9455183690473
10.2942959211038
10.4183273015798
22.502693160118
34.9313598217164
40.7087614491655
90.7417707638384
32.8431054180686
34.5744226651105
61.6775839845008
100.94254728523
90.6920108551435
70.3336797070078
66.7845400018685
62.575194261288
47.1283663642322
62.6184490391181
68.4224108347097
60.8042827124611
46.6462648962221
47.6989412079992
52.386044280387
76.251477030606
66.4333903671367
18.572383431964
33.6206885054764
57.4886683449866
49.8415072166789
82.0680088940328
64.0769594145818
62.2420007645223
82.7243662666451
64.7095602183698
75.2620127711916
74.4095199051275
74.0640705295459
58.7781354636929
39.7331333010734
37.4588003741184
29.7334030604808
13.345716698155
10.3060139750644
20.6220245714151
28.4339974587928
48.1176102615835
104.149082691948
66.8533329935608
42.6672734914638
56.4032496230255
89.1944673358449
108.736390499119
75.1038461514969
69.9286770556841
59.6655770382891
47.9500976533919
53.2755485970247
48.4909628878297
61.7731878659565
55.0837724179389
39.2088915901243
45.6029116577769
47.8799865924428
79.6600467265018
30.7389521070669
13.34005601479
27.1147576117395
43.5404128048128
61.6702224442461
31.1526744075359
47.0837100823204
103.7323661016
89.1533723993053
81.2785548721132
78.3264415028934
72.2973039470311
43.2993462760337
26.45186164634
37.3127592613779
27.4762440090373
42.8998481705257
11.5479966774774
13.0697217270181
22.4029933091308
40.5491997196533
43.4823922620157
39.5201813404808
99.9766643115818
100.382516347098
64.6524405696602
69.2405879124662
71.0824982329743
62.0032882937161
60.3103474201875
69.9773465956318
84.7407051258596
72.7379300600351
62.740961162946
56.7801329614801
48.3393627644149
55.1424136263677
40.4111215601467
55.9029032929886
53.0991558424383
69.7224010799827
35.0561719523057
17.0139074858354
63.1103684814881
61.8757199542489
31.8851394344992
58.0143766117154
71.1782682472679
95.7328371316671
94.3122606067482
59.1109277152729
65.3017831619735
54.4330346327652
49.8037808866003
32.9783589466217
44.9655053294226
25.2208014802825
27.1998137604197
28.5109782090535
11.4131307993842
31.6417456065066
75.0054737454269
48.3390954293035
40.2952634117081
85.2453568479583
91.2286891893386
49.5819223370879
76.0227986886886
52.8308974348282
41.9589413248313
76.0130829341313
58.2137763415315
58.8747771228913
78.1231528702469
45.6308334578904
36.3041537001786
43.4885742087124
42.764848410432
46.3646993000276
41.980904986851
35.6716171909439
38.510013080965
52.299021506923
66.9860308495351
57.614571049916
75.123180822901
97.6953779269008
96.273276007598
69.5675504766644
57.8664029037284
68.15141945863
57.9927048259889
50.0114799220779
67.1760468614822
36.2527627507128
27.8925410939022
30.3849564281475
14.9607671440775
18.105139185369
3.2772955227721
19.648051310123
37.6303270817321
59.8599917728482
68.3849912326588
43.3985516117151
70.2647972436826
67.24345415728
50.0402753573168
56.9990070577627
42.1671940351448
53.3716869849671
63.1049331845248
50.3641768314523
56.5640745148679
65.9914634690961
44.2973023712191
26.465608718905
37.0626437978956
44.7652627451924
52.1361406049209
37.9676191798332
26.4875031689521
13.5391869501127
28.8564549321597
59.7260279011909
75.0175429454182
80.3459351123816
82.9653501103484
62.3954976189534
63.0735809070086
53.6509942266128
61.0827883478929
41.5872866596566
37.2495332218775
46.2160692535365
20.6806875884629
22.6557463242333
26.3185040924333
14.0007935590426
17.7720226470937
15.58002352502
24.2723025619025
33.7604989892164
45.6254700635935
64.7515872461403
48.3967293456377
63.7704785896239
65.1060223754619
52.6591481319318
69.7760662160457
63.7529236304746
65.0734573684148
59.6121382241763
49.5740058269708
57.7925251605017
26.9905307489798
12.1703089321615
26.7022964963934
40.766074390895
31.8531083270416
33.3800741392451
44.6233671581337
55.9949330294435
18.2464305490886
17.0471040032932
38.200553714123
58.9050457835794
57.8089789704309
82.5102612758281
82.2065619157445
80.3765339388846
58.23598391371
44.4460443858615
31.8561063477309
31.6860190781864
23.3579085722637
11.1521186785802
10.8783688166822
13.4600259257183
16.2311605867038
1.44268043225995
25.8826155705887
35.4448486012141
66.3032667354861
36.7389025668201
50.4673643685683
62.6746005370912
66.7746883978281
58.9430444629511
64.0318543408876
66.7541152403333
83.0115484148644
74.8075449303223
62.8577487323594
67.2137272216554
25.6872608601501
6.5925372847157
17.2163867345614
57.3846689209219
50.817175696101
51.5543081033563
60.8581514437649
64.3777103852123
65.1550348892748
58.561151355496
48.0296949365567
47.0324580883605
48.2904455427816
50.7432600751103
65.0280924966028
68.3040846019656
78.8822394166634
44.5616779340365
37.0299127933756
15.3195202907165
20.3454380362669
16.3267308525044
9.71513427168192
6.52649144421195
6.25813959879606
7.09674349963824
7.71976539423945
12.7796667322833
21.8334478549859
57.910120428754
80.6130883257884
65.116854821615
64.5888785697862
52.1856792495672
66.3328265662329
78.0653116412608
62.7604155468235
70.4554009511303
67.7429745057649
56.4713277444809
62.2353591112008
27.9452654115955
21.2479822511473
62.6118745450277
66.825984959292
65.9338922077531
56.6886213435358
58.0069158253271
68.0765774637418
50.8546913914628
64.9115631326437
74.2460071856883
50.0716707281022
44.0832668087162
72.2041415653094
57.5871981609713
63.4405445942194
71.2414246525958
49.1338809205037
35.5517725959822
20.9603857744259
24.5732295450383
16.0535658842973
12.9071054966469
8.21282269321365
9.88543241226468
9.72897199857431
12.4808187651965
17.2797164393446
22.4926004605743
38.3438641508875
48.3607231186399
43.5231802358551
59.0954678259129
52.9137923102705
77.8374151588631
80.6047267506735
68.4562129914422
66.9873558905865
61.371900382469
58.3240007751565
43.2841535629884
43.5072663635008
66.2626733901113
60.0122250528894
68.9713150516041
57.1088379694528
48.3577366458011
42.9525541293552
52.3839606104096
52.4873132026329
48.6108194410568
40.1826840429268
55.3640790223831
54.1211327790927
46.2420892925223
42.0769397671464
54.2471575629171
66.6591885350526
61.0407045030967
38.7798406452654
25.7759539223445
40.1263096328168
26.2817874921317
21.9179400596333
19.2508551563551
8.96012153263265
9.63969572662422
9.0611455350124
35.7366077008972
3.103617519784
22.6036842762223
34.1803907302011
40.3261154748809
58.7594058770653
47.1518906159702
66.1310478776889
65.0924123655993
81.573016547355
68.6292242604604
70.2701468233879
66.1607140487254
70.3749109285181
70.9539190419408
59.3348206743089
50.08760584861
52.7537775752093
41.8750287785535
45.6649801240166
42.8026061229808
50.7977206810356
43.1617158184111
43.5302862130751
63.3461363622775
48.540510920567
26.7620617477039
55.2597643165297
59.4750825374258
23.8783118154743
53.7815854185297
55.0249758988675
66.7028243082744
53.9768221822747
40.471511664189
34.2860170091203
49.1129661838911
27.0436551291732
21.9621530241233
28.3458895399059
17.5938716342768
14.2668363860659
15.4619459949634
9.04706725441338
15.630995592371
70.3605723782296
70.748590623423
74.1005942443051
64.938976157308
62.2132893503234
70.3298720013657
80.2253715371513
51.1792823906517
63.4738172020332
69.5219267980604
67.505193351498
69.223232535406
57.6562756885562
61.8559009260975
59.8899691770666
54.0435041539551
52.7554080631364
49.7810638818486
51.2079639274394
48.0306715699734
51.7598913983539
57.6839084279977
33.7510028713026
40.9968975964631
39.6372158108669
67.7979349576305
37.5579938752225
48.2831575136624
47.2324962586507
72.2020382026191
59.3550366203697
27.4554263530044
48.6436865886404
51.0714173847576
33.3883437643005
47.2195491555243
46.0973387334161
41.610761620385
22.2306292079009
18.1846015302261
17.0235908812521
13.163091064982
56.4449009094013
85.6949430718385
73.4130034805713
62.3795324079346
51.1831658882894
69.4219783564709
36.1612071119914
39.6824575245538
57.7073299186517
82.8735027196339
70.2970488994203
72.9102286014906
69.1752700755232
56.4849546243381
46.1128987930077
55.7375659510399
55.4111124943788
62.805934128891
64.7340801041556
65.3288186912029
46.7419983074082
32.0376626698386
33.2016470992621
67.3897846394837
24.4961247621531
35.0039775065825
41.6869880710315
38.7353322160764
38.7929710094671
67.1222288879445
63.5554518464119
30.0207304319221
23.446009752658
62.926289240614
48.548022361879
47.3077222166019
40.1624457925779
40.2312850959164
38.3017946861483
24.6901779734738
12.7873564765278
70.4537186749236
29.1590954527067
45.7451985733126
74.558286820214
85.5625165080417
87.7293588425332
22.8405666185154
21.1122113563624
59.7826637685905
80.9146591979013
77.8744122177736
70.1526484952609
60.6877587140653
59.7450588578555
63.3644609850606
63.5664201909781
57.8906763612733
69.5414215286575
69.7185796338247
55.6316339056259
56.6533687294919
30.2240443135642
17.0174776075333
27.2386029340925
26.6185860031545
28.1673277177028
36.1771759870171
41.276707981537
46.6259526008418
46.1140968238716
62.7639422689325
42.3074480277841
35.7137615845104
25.3564144845204
56.4428770106838
32.8534932425156
47.5756197905312
49.3211416819883
34.2665377580251
7.98541057403774
6.37637055752635
28.6316223052332
27.2120417662294
57.1095711538644
75.4722752290997
76.9398965045734
42.2236789186418
31.2576868534909
54.046296941884
76.7217038219356
95.11088794971
61.9669821073786
56.2752998879164
53.1751043917558
41.650314498681
37.5008404978326
51.4737366177884
63.3644743150879
79.5011131302485
62.6486565015107
31.5292531639285
36.9005681170929
37.2374927129663
25.158779394414
35.0513208436107
37.4942934762825
25.0366973725787
34.4069656943927
26.2574415160285
39.2203556551649
37.7169291085499
55.3201856552361
60.353098565093
56.9290322022932
33.5220683045233
51.9454505991687
38.9365906838297
60.2010837217326
75.3094803961855
45.7486774407338
7.66074481563885
2.67638273674542
46.4930049690136
42.2746886082303
52.1687021928676
50.4768679126117
69.2815551246962
43.6917382722761
38.1838685291944
58.8553332482429
85.2747045760007
89.3769676620326
78.9896452827796
67.5690372881288
44.9575150343855
20.4452622301084
27.1709667452474
28.7943037688717
46.7021315019693
63.420940608021
61.5113481849459
43.887570046142
60.0293397271172
46.2599356823171
30.669793946262
23.4122458022386
13.2121683949201
45.3088478595149
35.3421738000583
42.812764518384
49.5117415760145
31.7623731035331
37.7926632130157
40.2864168472312
30.5103622887823
38.0860324500353
18.6837829515694
69.4392423095728
52.982375453865
47.1333218494452
28.5545922058523
29.9147898885375
51.8629947819681
54.6255314887335
34.4923478242008
92.1700311258358
48.6291429670089
38.7354882341178
26.4595834151723
77.553768833345
98.0872772139379
54.0187986928377
43.3621320918452
32.2867137366995
22.6124466887937
16.4600549044783
22.7992665383597
18.8101050923976
26.3986711285039
34.2503379220204
44.6153449440728
40.703529232875
38.9932214767746
29.1876479953756
28.9153713146951
43.079037677907
39.1537500747171
31.8391432497306
42.456297556863
54.5035509962562
45.8179305209145
38.4662436988511
28.7318899669535
48.4199556843829
58.4776823300014
21.0531540996006
40.0362185462649
72.6124484120527
30.5097140485569
25.0493510002864
29.3380539645638
50.5752253544726
29.0487168475716
62.2488771302124
78.7208670838302
53.5765854472372
29.4421408944206
37.5111776896919
70.1231567530504
50.9837877905482
45.2100298887335
35.1573735690819
61.9948459110494
42.4028775502142
40.1625857605922
31.8035691677124
44.2242668770936
37.1535336776744
43.4957400542633
35.6146569076095
38.1327143644334
33.8505683976076
49.5073938236763
30.5707731231179
30.840189853177
37.9668130850819
42.7720582641444
54.1303348882985
64.7222917921298
82.4003519496136
44.6478863475074
40.4972336321506
28.2307997530304
81.0352886550958
43.7068540914415
46.5206224820019
69.5597602279005
12.5009099921781
11.9376653139504
15.4699291789149
21.8714700718337
68.0546754788842
64.4516339759205
64.891268203164
45.3446298496314
23.1783439130913
36.9150732702333
51.7928990452627
56.9205415305991
84.7649842466052
47.6867176244112
62.5916290222184
62.6502995710433
63.6402583095433
43.5305654828653
36.3325961837853
42.2544962186614
49.8215079088408
30.9777538824184
31.3026461525862
21.815320582013
26.0804719574275
24.5560616973645
52.6591254828067
33.4496859794805
34.7778982945743
28.1785651826113
62.3125571086468
79.0666535139398
66.3402885315528
45.3400878161414
25.5770700779459
29.1066776355103
41.9036562512813
43.6156738657477
41.2458823901801
5.75747147799685
22.0415937692554
78.3662414312574
64.2809673919262
34.5224896588532
22.2827158569934
22.2896310496113
31.9061356467995
22.1706163582159
34.3575668875005
65.1492930531382
63.6743042485911
56.7263833187702
45.8648719530119
42.0420562579125
48.6609434064446
53.5327745201343
32.2899656544912
29.6542151695251
27.9449540872313
28.4882757275727
31.841793867634
38.1625242968995
21.583950966755
21.6218075310799
33.6336905862671
43.4328033897128
66.5294479624951
71.4108055922056
67.4418609546913
95.7036881424945
47.2747932786909
45.0995690966147
73.5055326640042
90.0441511327482
82.948649508663
32.1970084713845
13.344987850245
27.4711895926635
43.3597071734113
33.212401985299
36.9198962730357
22.9958919224756
31.4422301394372
23.138514896249
59.893212947736
72.3115924612176
47.068325294136
59.9555239754133
51.4399987591244
44.9351102829128
53.4429707876517
62.0855092439048
38.3201693154296
24.8965429231094
34.1271894657309
36.2877637963116
14.5447365782593
12.604183677012
22.6700631163942
22.2266255373993
50.1036931488891
53.8757611155295
61.89237677697
68.3070110470577
52.9713878044661
50.1075623635219
46.5889513258754
66.939422133453
55.4176669107222
78.8932592232385
84.9161286622777
23.8336337022359
27.8775744946529
53.2141140014972
80.1642902140705
48.4936406830068
60.4826522949961
88.5194684067078
69.9009785688703
73.5832993677757
75.8319607742004
57.6281879862422
60.0669024781927
57.8252535446861
56.9507566736381
54.061963337964
39.1042941764425
18.1662212100609
18.661770747499
12.3068335383647
17.070818635133
7.45076647211889
36.4613576354392
44.9219277827455
44.2013321008644
42.0729801285186
39.9986010351092
67.6372518006066
50.3379989865588
57.229386654625
54.0965553300069
95.2213598363964
73.3682940895075
65.8855844038251
64.4306716823737
48.4164250923461
20.727806414022
69.4019479044536
71.2076045131589
63.9629576529827
57.1123357477428
59.4558871944806
58.7766543479381
65.7619952691489
34.109589580691
40.7449904683317
59.6274442237031
65.4080012723547
59.2899748904828
58.6937178996834
44.4611735472282
22.3907974385842
16.5249754075371
15.5896039003915
20.338290508149
31.7212554712036
20.0544385418343
28.9698228880343
51.0041311836001
61.0325456639277
34.0753120789154
79.5231524432516
60.0094350436871
52.0948700051128
72.3364340636931
82.9426446057675
47.9715605934432
80.21784344092
34.8170402242343
32.3361689124584
45.1410732253615
66.4153387146428
59.2490052993281
56.6155243298049
44.9281235061734
55.1041338615161
48.2743321059226
55.9580251418396
58.0352899695191
51.974890057604
43.5094499487094
36.8846269506728
50.1608561288316
23.5156559227072
16.9196718101984
9.84717112381566
20.1721197560747
15.4958921857631
34.0313428327825
31.0626462738545
44.6448079031908
52.3795188265586
27.2252195958775
52.2751668355429
71.0855141103672
78.1954735053476
71.5566581761799
95.3730903659169
58.8835082953773
46.7624512554012
35.1828408558928
51.1361765567059
90.4466841029611
74.438524924048
80.4115450864986
58.7369616212255
51.314374978475
39.4245406810229
35.0759194102968
47.0398165672521
51.2871104055811
49.5234880080927
46.9519546508495
39.6949379287207
46.3303546140989
16.9873722605709
20.1901647844317
7.19526697177297
17.1748483998693
19.6763262708377
27.1284639044517
27.2683316307058
26.490004652132
42.0624251007789
38.3857097313435
51.4139897495398
65.0314202383953
72.5039724844961
87.6340024709412
66.2408420863072
46.4966345408213
39.5608841181784
14.2468687461893
16.1036982621242
40.2644553233323
37.2713881694718
56.1690131640382
61.1491514924658
55.5102112199544
84.5191250116766
84.9380722142944
56.9111121145799
59.6393836361691
53.4043310125187
38.8253855857965
38.5756390633856
49.1621076746823
26.4378914797671
19.8255314449625
8.07865757052967
20.2173778863772
19.7993069250908
16.6543706915616
32.5510078585556
22.3571463358395
25.4806826204561
27.9754530867776
38.2103761917645
63.0880126321374
57.0990486753831
51.785335051831
61.3402481449654
70.5464217974833
36.2447616600674
10.8325338125829
7.38515025827113
26.8402956699115
55.6710225148412
82.1578103026328
82.8240203534252
66.449813663458
61.5359389212514
76.8542682766037
48.7996018043544
60.2960834781584
63.1671184029239
54.0068665019019
41.583969286936
45.8162028368021
24.0426356770912
9.76218023776899
16.8272636220842
17.4327711215699
9.05323103454552
11.7677590330093
35.7133583506521
22.3259973133236
30.3668807782469
27.4261684334841
38.1555613567362
41.959752491411
67.658960297213
98.2716131656121
49.2873018530861
47.0202394157614
17.788349481445
19.9191244927865
23.4781715421419
87.5226900010866
84.473077214973
62.5221675727577
59.6469544112138
52.0177290829111
61.56411676898
46.4234451218641
63.6063735026716
56.5110784637701
45.7899802115004
36.0808813185413
31.2718209221437
13.4733768121117
11.9965417024562
21.192276717545
18.1785611697328
7.47883582887015
21.6049556454962
25.6592817763091
25.3817617734833
24.4491943568082
19.8770387869391
19.5653738112862
29.871077192742
25.9242928308481
26.9743936586611
38.2468808582697
34.8828495656807
7.40497782108592
33.5389006858738
39.3756294974215
57.3286530903494
49.2672140220031
36.8242012488659
39.0217891146857
50.6956262969318
46.3798294728704
48.0546029155117
45.1760357395774
33.1279563935358
23.6035020298869
18.9382837381348
7.36648177515298
13.9317794337118
40.0101725582354
19.177316084582
20.90402963455
23.1019138109467
21.9049843727657
14.859452604413
11.0792491278988
12.1251629751497
18.6090197857081
18.9660087064469
29.581437455786
24.7020593024766
24.4202383860744
26.2730579487807
11.1177126794822
20.0586022595787
47.6076632485508
44.2216922098333
44.8292246758653
42.075567669607
40.9998462696241
46.7550620843504
40.993040043194
51.22669763305
37.562121175702
15.2651903134671
12.0147235897236
32.7006228178148
32.8780138350772
26.1193249743378
28.2984171039656
25.2607747079562
19.6721154819067
10.455519602028
9.54154883941916
10.8823514843868
13.0664586343332
16.7032866168378
20.5464499997076
16.6360731159445
22.5796094928688
20.4115677824354
8.96253317365254
17.8365978553824
34.2114796655023
37.1664220865679
41.8723326727347
56.3943720960199
46.7600585217627
49.4259568147144
58.6882629320108
42.2588307150816
50.5445218702163
39.9773204376225
30.1019243454169
17.2753706324529
32.8194727790433
29.423014114622
20.843040380926
20.6720722528669
12.2562842611783
11.860624196453
11.2312767178837
18.2436799971505
19.1858029820889
10.2652321581217
4.27246855723686
4.06055857133079
1.30373039625316
20.4596803921122
17.1046184256176
20.2978812584549
16.3118582814074
20.1539650011103
33.056023234155
49.4104267827081
58.8073476709489
38.452982778293
30.2068866703289
29.1567886102692
38.2139384297956
51.6339303415803
41.2116312014643
43.8470300342468
58.5834446448283
29.1291435009445
15.8982375587528
12.0136349607185
20.33461046214
12.945573322521
6.93941457867751
9.03445905920867
6.54435986662331
17.2555411750007
12.5722563456157
19.8664073731097
13.9475791144637
31.7796629465261
40.9475610954004
32.8109210546283
16.078885913051
26.0402601768539
15.9796820776402
31.3661743345767
33.1510685394524
45.0239371744468
64.693705135863
54.1680093222733
33.9597313900226
21.651393331051
10.6856976865769
11.0776527486258
6.25223683407635
6.29240563108472
9.3090069429636
10.442244161278
9.96023600735014
2.59497974106919
9.43154916178209
3.28174277144901
3.47484418168008
5.52513821048548
10.700951378247
25.1699267186423
30.8285238912245
29.647195150843
13.9093514220097
27.8633974946088
9.08108903751928
6.21989875810519
2.30102345618869
4.59438180056146
9.70615003943439
5.86710221710171
16.9586066173843
5.94513147847221
5.31559594419031
2.99234849081385
2.41157010831255
4.21625099275405
5.07851116941844
8.35350501585978
7.15256910251014
3.90314069262744
2.93841935151278
4.93447696212001
24.6345971028185
53.454771748356
26.0386204782613
7.32666973133089
5.28206700443101
3.89565229824531
3.82651673328873
13.7276906213717
4.34803027955402
3.50547096956893
9.88004293960572
12.0647203931336
1.52696056690716
65.726987150765
49.9158095988948
95.3338428588313
20.8194483756764
21.4445924780869
38.0328605247206
34.1747038811663
23.0982227842416
23.6888961287644
14.3049171744848
6.36966492614261
12.6897521905467
20.7232019081348
14.2855533592333
41.7179575485307
41.4706353430596
21.5600464920951
1.64700545570107
7.91697004792791
33.732682179979
29.9709404635981
40.523528647614
76.215890591035
118.761773475634
30.0920545548972
47.5593259538226
96.1576580480336
72.4568913350369
107.354931972851
53.4791099983695
55.675885356038
17.6741831031029
13.3481352423602
18.6498144072659
43.883851826653
52.1899528594545
43.5682612506067
15.7004289001857
3.13757164874361
23.0940659267258
8.23670300764737
18.9161424508314
12.880820024215
16.6196246156094
66.3289479556675
159.667557983986
102.140184708494
60.4670628012192
35.5022721233698
53.3736225472614
54.3243212733906
102.320710505594
65.7070882209901
13.112343893723
3.18863226848965
11.390698190477
24.3067225350138
31.2139432586656
65.113799461474
41.1865413962275
47.2525725433717
21.797651585304
14.9788523165934
12.6782797940371
55.2126725483099
74.9708286547098
42.9486095296069
21.4801805146025
39.3387042862613
143.381465893268
130.939783633777
150.385792054949
82.2831913286732
109.652139278516
55.2819815704582
79.3718329090473
97.4340109269873
25.944155010135
6.43506219496618
3.94741684498045
17.7752256331201
33.4361893233647
78.537404850524
54.3626155220669
96.2276913690895
82.1718881064982
44.2384807337064
55.1876273900717
81.0506032276009
67.0041467157659
55.3310088493689
61.6001396061894
74.4657812117123
58.6960253628729
121.744736768597
118.229879482409
124.361533529704
90.2051101189372
89.4959600057269
119.420335056078
101.479349533327
85.3656269359154
53.7945200461483
15.7105651410037
3.06217410065587
12.7642110226372
66.0973336145668
88.0220694393406
97.817253800558
89.6203196796152
107.966262345797
102.208404555994
55.8316681837592
48.628662301481
82.1095929233439
80.7385648055478
68.1398473723471
71.5109805457934
47.5171383287687
45.9251632924119
75.2502977606971
117.11159994223
109.193647537718
89.7634222073003
67.4746687598598
81.6245615270303
80.3889514484821
82.0497108755038
71.4027477831596
31.6973598345766
23.0345160463256
8.46380357762765
11.1712792701976
18.1108876047637
9.83103080774486
12.4700090125562
77.2685382619291
94.8360394462354
110.884030762023
89.9397836609528
66.140997318
67.8900644859646
106.593824092119
98.2863510561362
92.6150219335862
66.9935805720631
92.3370598101137
53.7895094912537
89.9914810727205
71.1071360905068
62.8689982370754
97.5384166593881
105.343799330981
108.269386463871
109.717435300318
64.4691029988313
90.863784135387
92.0994823444711
120.701784966803
115.085471447675
110.759526636139
57.7603565446896
17.0304807814096
9.48940151143345
46.0608961815207
51.3332252656623
33.8359971032173
68.6239587382075
97.8250773962337
111.812165757318
81.9562087443672
58.8564118835935
106.054612143015
119.875596398222
61.3146074206083
52.7314855008782
60.0392403752304
56.996652433795
25.0199642010314
75.5547496006684
64.6323551008005
68.8630755220068
104.876547165305
114.221844633451
82.6855303021162
64.780931007949
105.633370764403
125.895649612683
133.409313770194
58.6644562230203
37.8313201353993
56.2762906351372
53.2455480608952
43.3137801147988
18.5318814174654
12.4506799657995
36.3484401608965
75.7305233786178
106.705099985563
103.56860904058
88.9434601000568
59.4132482346268
38.658620044704
62.4333858599222
120.929441872974
58.3485322519329
47.1442659186342
44.017032985078
77.9116428509677
27.9746575510899
13.0421122848618
67.2515865420903
50.6478710375582
37.308479850517
75.3481306922099
87.9630231788806
59.5864217921669
68.8914768362853
94.4235458373853
141.694003761033
81.8178188411889
51.9391234012991
54.1402894058349
83.3835505443102
88.1278760636408
87.553976987715
38.2999335785446
1.88359922592618
22.2885403084686
29.1952904311195
28.8292947765259
33.2548212129138
49.1147283597873
91.7636710639007
107.549811706353
75.8782592020319
72.7702496493296
91.4448366915456
109.297743333827
91.1099134864692
57.5143655186533
65.7469803055523
60.2240711658618
40.5618559909462
10.5713406977381
38.3946729781451
59.4126835493382
31.8615422338297
75.5797019579871
70.9911283034885
96.3264202631614
82.4043794006497
73.2011794390446
105.362778197228
102.800810240451
93.1601037694433
116.454473095112
77.7771852677909
123.010531739384
77.9823566641095
71.7666376318443
13.8176926825169
6.7284841489673
33.4386161250692
47.5494500114712
99.9499920863243
87.2675495701261
86.8088735968301
78.6100813367759
103.5539126495
105.4457225568
71.2263598889168
53.3661646950033
71.250190351591
56.9208453912915
31.3698984543003
57.9635252076855
60.9533306117149
23.4735814948431
20.5586195476353
43.5077254780397
37.2301866880568
38.5753190225043
79.6621435706593
42.5112157489552
77.2611465974749
80.0646351658673
91.2506984124334
97.4150478553512
130.70878854834
78.3544259170658
59.3082305913091
119.056984616562
97.0308626068894
85.5708182221828
58.3366318820529
7.00883798109443
12.3899323418228
25.1050346304399
45.2389688473214
86.5228324000442
112.082196486431
87.4090655200337
82.6268163700175
101.441483891374
102.667476482554
69.9093242871964
70.203307771533
78.6690368089437
57.5486112889226
28.9906988507627
43.798518866386
54.8910532823243
69.057913189843
38.6460495598437
48.7654292895102
50.3389554982851
17.373491018083
35.6248161611125
57.6555902261293
68.0342441594939
97.2175742516526
83.956386040728
73.1368251723901
82.6925219428
116.85436754921
111.913269173951
58.4943156996089
88.0413432061079
102.327789242291
112.97062909047
52.9905609055328
14.6703021265684
15.3807451569399
43.8450057620145
76.1924433357977
59.1392486082466
68.3985941354061
111.56611552456
94.1150119189566
99.8788602210725
89.6032483322823
66.0594966570925
82.6857143365012
85.4633264120709
42.2901653207972
28.7170662926808
69.7022498093485
58.6775680413435
52.4518099411439
69.8709627865431
65.502355426315
30.6895244786055
17.3075812080702
52.6718713016866
48.81493841779
46.5922889475387
59.9425409662585
88.4864263973959
71.9653369862677
79.0971790157006
95.7930458948031
79.1919924170966
43.8000140965723
78.0143216623359
99.5528970790948
83.9713442177051
72.8469191050208
50.6776598410385
36.3997785346063
14.4894387808432
12.1765443826159
34.8939908743726
82.6247948231352
67.2786323348908
48.3776807847838
87.1688819125225
82.6637075788241
57.6568227987393
66.6477355419138
93.4847345869909
66.4197943662489
86.2686566031929
81.9445657171989
93.0621781964002
43.6071385988499
42.3408177329184
41.5408805472553
65.9767073520122
69.9880323370831
66.3174506471795
70.0634249577797
20.2960385002043
17.3066411360934
51.3610539255609
40.9747050968697
29.7275479656261
72.302992521266
63.7756601564401
94.6198968694477
78.0449477850264
69.0459078828216
102.775426440375
91.5026833544118
107.707318206531
57.8135530915658
43.1717084357254
53.6601250368135
36.0577449186423
17.1312732510076
19.5132624679505
25.0158045164536
43.5880734242671
58.7430729069458
54.2286858148478
66.1559637437973
68.7725961404464
36.2183930128236
79.1582474230713
85.1060161111429
62.7683186182248
57.2199543061518
59.2152380634292
49.0078468641922
61.781203716598
50.4822679775252
36.1873679315156
43.5645350952781
32.5997412743277
61.1606786029487
78.1776796467678
44.7633396323766
16.8137227060966
36.0362690326461
65.8945975724298
26.820064950911
56.6228464288188
64.1812544103039
52.9041872687902
71.8169402364236
55.0959148070827
94.9716791794368
84.4940774551321
68.6018794668766
78.2981065424695
73.7888503563343
50.3469660254397
37.9672934310938
14.6069831466649
14.0182498063301
22.6938708324439
35.4346115808811
38.757083598465
73.726446394874
104.782976893004
76.4082731789723
68.8182433750576
64.1473879577785
92.0517723174489
78.1276112644162
63.4371885094636
70.6788681310793
53.6737196108269
25.2335590197478
56.7227409562303
47.9245197107929
32.2042802150826
29.7007811030286
17.548034138154
50.3269957578299
52.6012349645266
45.741340399044
42.8365070762576
53.7565442123332
63.6687810379241
60.8764757039483
71.9385444150262
58.6209820088388
71.3730696353189
76.765630318364
64.671521730486
66.9022936556424
72.3689582767083
64.0864482109129
65.9722059704991
51.9894527803215
31.5321796720995
30.4261545199091
17.9276568671022
22.4910819592987
14.0229793904954
45.0335313816571
71.8681596430834
75.7085206901841
57.4999721775858
116.172722035437
84.83210592841
80.2651483449773
80.5517123614384
65.9188239672335
47.9036073211816
48.1577915232787
49.7818534867169
54.7877020056036
37.1937906158034
40.3579723727564
34.9805447813839
40.8579459889049
32.2913044799792
14.5501703483378
21.6641181322051
33.9284151893459
26.3447243623431
21.0483095286552
53.7352785699994
81.5326944052285
77.702289080255
75.5109802987024
76.3357349968614
76.4804663258985
63.2620932038042
67.3199421250635
73.1938558550709
78.6970284925015
56.5016027827502
55.4685868545934
55.0649785405976
25.2830205300152
25.6143019218221
24.752056582407
27.912888343024
24.7841084567288
41.0939769168061
50.1476467763492
86.8828499566944
61.6048057328375
62.9051995882009
74.1068693033305
64.9573807241273
41.8754958447388
39.6887468846985
56.6330435067339
62.3494272722936
61.7851526247624
52.7558939407229
50.4794182761916
23.2472682924827
13.1288715116455
12.3767521647278
18.7642551442608
15.3391688055352
22.8843277437271
8.7190413573609
16.8827618599424
47.8124540159738
80.6733330405701
59.3224682684685
87.8672022589274
106.436845391583
70.2728180774486
59.2094367747667
49.485896764447
72.8816901694592
78.619523426248
63.1072414041263
43.4454796894927
50.7695620009602
50.1933557028397
31.0574724167622
30.127329884837
29.4601362353449
13.6140073552823
60.2687290794288
73.9406740397772
71.4124936937449
81.4692241059775
73.9638110251594
48.2302886713933
79.9670304042744
62.710409813327
38.8621467759844
59.1315626977056
79.6955718486522
66.0613714621019
55.0320340259754
68.3260400195114
66.0936891860293
26.7276886311486
5.85020860418982
13.5900727422528
17.5654293211695
33.4266497059451
36.6842147937886
12.4996501673017
16.1134436650261
45.908936107064
67.5144529621484
63.2397223565215
77.3449800575956
102.718859693477
53.2194033096863
56.5583033381652
60.5764273433621
69.7114389822217
52.4071424688788
60.4564305950057
59.4471176575563
31.4221688573766
38.2164399730554
34.6837487605819
30.1566215712604
12.9119489083235
22.7790780750315
41.820025900341
113.711224641574
90.1215178579556
91.8877594566534
91.3832132773577
83.783169229157
55.7367331693895
88.8805793354684
67.9994684783706
66.1903684100053
58.0865637529524
80.052874327559
62.0272710995047
59.6303139612665
70.0246194313478
36.727022821935
11.7598199490036
15.9802711755225
45.2893906447657
47.5922984890704
39.2052258618061
42.9707771797835
50.7872722469707
27.0331380004855
49.0558448230576
67.8805112368679
67.8428404408057
64.1163583622988
84.0139694446116
73.0304550011606
69.046062153394
83.2255745662993
70.7025188650983
43.3285760537397
38.33686156939
49.3549960293459
50.6656457037541
52.1084209450653
42.2472581064301
30.2214834069511
12.2754934426532
30.7399244026544
59.1978499664975
57.6121036238376
43.7084310179288
75.3039532801088
86.2358180124278
66.724461893148
91.6628246625381
61.6551263443477
55.5613409911935
61.4194496011494
77.825465302731
75.4885439257706
57.1955982161161
63.2592041699082
31.6382792986869
13.2664109409129
54.2132428852071
42.6543543466218
47.224455923722
54.4784391938991
50.2518927262353
71.5651399777881
72.9525673205791
76.6504198042107
74.3804284948682
57.024269685402
63.2777870756122
65.9434407197086
65.0729752304504
65.9581736761802
83.9032912300364
69.1330211376563
54.1232509233191
32.6347795953033
38.9397316276697
44.5092591804419
48.489288207094
34.2036097838197
21.18056802783
24.9453222677479
46.0449923244014
72.5054721757082
79.8100530062304
101.416952346288
100.721468269191
88.6266912810885
75.3836650075404
105.59638199302
85.2451643040131
71.3159023814736
67.5469571989135
61.8797668060146
65.004736358926
71.8425931766871
75.6519869159469
76.4247095666
77.3951686189845
75.3959636264571
57.4678012290573
48.0068556413672
49.3929016106213
66.1867619914628
51.7934556067565
65.7769206388394
68.0433407137257
61.500889757757
64.1770945448557
65.9932954002653
69.4334359190732
72.3576165837213
75.7389490792173
59.7568954078886
68.2511791982538
48.1610218379517
40.0602219087186
46.0078076648027
26.7145929673388
48.566872682016
33.0800064576026
18.7054211609929
22.1910959227639
16.0016089180224
36.4371926299597
89.7250709731672
91.2002260595437
59.5844796358301
50.5786325323847
66.5138813838255
55.8210621505575
92.6507990014533
81.8527035166629
72.0330844636349
62.695010407939
70.3728258765163
70.1059719602448
65.5376984656692
58.5929251513339
68.0424173943884
71.8418769186587
57.8962479448834
46.8007860991068
39.5612461260922
38.3544225989482
64.971242620411
64.5455293023111
58.7268418601406
59.9634345446119
57.8814196538709
70.7650732211432
69.3538728064975
73.2292564898565
66.6163363210351
85.0202537998254
49.4957473973859
70.7142676441558
54.1537172441709
43.3226270970949
43.1664012522007
18.5255949789952
51.2535907075661
38.4733907613166
19.0027348709963
14.4224379794743
25.1912284843051
52.0712181412416
48.6349565055656
71.2689828397548
61.1517087026769
81.6501166575869
68.4055155899688
73.458267621404
84.9378383722211
56.2284031791724
75.8464104670991
73.0817543383531
76.4963833994707
73.6734009498823
61.5700552449226
64.4262537744285
71.1598747066166
65.5029784950957
57.3099746092458
59.3235207188171
59.7216180979187
67.0549447971175
60.857039498135
72.1112379783006
56.9577511041941
67.8421916924634
78.338861810948
47.7868664477157
62.0708749672301
81.5630215539642
93.6135508457262
42.0732340812533
27.3788203424281
66.3336752387886
50.6687399269255
48.6763083859187
26.9850858261797
59.3587815606776
47.7487456077951
42.2155251715182
21.7552478580438
21.444236617331
24.4689276393993
48.749000292399
29.5105521709886
61.3891525840828
73.4331212569235
74.1184304783811
59.9268331112536
83.2675899297228
47.1137846493867
62.1343060661664
58.2506666111065
76.8258147174692
77.007648380109
71.4286506853032
78.1958228621225
77.5665801734253
65.9740333239366
66.8332238573565
67.9909522730589
57.1792580636911
33.386463436364
79.0504593430204
63.1398995931732
55.6559432680245
55.5193240730582
60.0502426132441
54.1407159847016
43.7148673827227
62.8986309384374
78.7794710342261
75.5008586221994
74.2668195383251
19.034041554218
71.6315335163681
45.1230490830954
34.5455339001873
70.6265823274205
62.7291867327106
63.0876268357963
51.1384146066948
15.5000086045046
17.4580457765908
27.5571844961633
88.6460748301153
116.119780428316
83.1066837845564
84.4423381972757
51.353598436076
64.5957856678245
71.0900240742178
61.6019940117898
40.3346281648254
70.8566143970637
74.8577963543166
59.0744178505292
58.7642604765967
80.939044700429
57.9761898850711
66.6326377832289
70.4503081574774
71.4181638614811
76.5077959359138
52.1163845758201
61.8846381270284
49.9500501925064
50.0113120475846
60.6966285228455
30.9520225029704
41.1511210135528
48.3377580136968
56.6201335215627
78.427603731769
82.2457286256474
74.6408337321007
37.8347783053212
49.611468000525
39.9181799989511
41.2801257720157
47.9449110133214
59.7190159252379
66.6753972942786
74.0963110341585
12.1264719287521
24.869460868811
22.1359784358362
110.481184455382
59.1297691977278
70.2843978334127
65.7257754050449
73.7779890021855
105.247426627276
33.3470491465231
48.8204319461089
64.1133431611848
84.6276138335073
62.016117085066
56.8619194365741
53.7022930772675
58.5754074042826
66.2479043169455
63.007623421336
78.7764196649554
70.7297356789839
57.5296398453787
47.0480385368402
53.1676779631285
40.604444520287
41.7530434319672
24.0253390533109
25.792646217282
34.5648776688144
31.4827924218584
28.7186101951466
75.8650523063542
54.6944948131744
63.4408341433548
55.6231164338667
42.1178277356187
28.9428151947942
66.3744083837717
38.0410371251126
46.3061047765403
53.9454633448143
39.9596425780492
7.52889395141128
22.3097595316346
70.095983355091
34.9624445410334
54.5567279881987
69.1997192254334
96.6964870752571
93.8013039837258
31.5434846715309
40.925199727238
75.7130774257385
92.0179508255628
74.6655112425965
63.4206894358896
47.6125488022548
51.9328021348944
42.5980698793202
54.5635353922758
82.0914639900672
74.7389808329376
48.6638452067119
27.3406515889676
42.9908487841348
60.1514804968302
54.8867790281689
42.986567257778
37.0478552787832
25.3387281627757
28.5674417821331
53.9262064878341
36.4612013679958
36.9725254929023
38.4799934756326
40.2353240436025
42.8758328103701
21.7985961790994
56.8351609473237
36.0424323740046
35.4692941977154
70.5053314617701
36.1164331743592
8.7674339553322
40.446885414032
48.5774479747861
25.8548953249215
72.0310488272703
40.9638378297253
46.9583572426113
75.7513372112604
50.4074337182624
39.1196402120211
61.4654662777442
106.812567670491
79.8174673172988
69.3304758626095
52.2952156535739
35.9904236141637
33.6162578195147
39.9212228110795
58.0446133117318
56.326035821899
51.478364704803
34.1266955246536
53.4833509229452
39.2390361532589
20.5671719934505
16.6120878318109
36.0107407648065
35.890866641416
66.1729426057589
38.2944482001793
41.3770736354635
39.3229155264407
45.4194633957129
43.9020813696761
35.4016482341075
30.5535851675326
38.7281814509246
66.3793975044193
34.8712622944378
18.2815090684653
10.1399198226104
15.1131766131043
47.3953624138465
45.0635806811769
26.7578352204583
21.6900893706848
68.3489506360183
48.3046913227381
44.6747071678546
45.7004862166749
54.3338908558939
65.1871995809315
65.1826448283289
69.019657916721
62.4123526238642
44.5172300068173
33.7975421661435
40.6548946271696
50.1568903738731
49.0711041125895
63.9321181445552
38.9525972725713
25.9382191116723
39.9795261697646
29.5254978425747
26.4945198176492
39.8074051493416
33.6716732712892
46.2117579714471
42.5119344047736
42.2762666554037
46.2442854778385
51.5258289649286
38.3802960985032
42.4410489941965
58.3426282287799
27.7223953689429
62.0852830476059
83.9864392115035
13.1360764731976
2.5054540302149
19.0159601434424
16.9486550052686
19.4496937457621
58.6784428567667
88.9680845688772
59.9621077099299
32.7300067547345
68.4611875088407
57.1824626848172
61.0168492025985
63.1602254054268
62.469445267819
64.5751420698135
55.4945518195488
43.3116634057203
42.4695122806525
54.8284343042167
74.1968814137835
63.7515360319054
65.5688391941214
65.114672356289
61.1724191350339
39.3163636722395
31.4711614033541
28.5848240868268
24.3277295206845
30.9235282232009
25.2831353690776
32.7238602157966
39.5912049170787
36.9686190222293
34.4641790422172
29.4158283444934
49.3210623849293
27.9068666316393
30.6510967908614
44.6668311739806
31.0567302679997
5.69894596570983
9.42863882541872
63.0781622717945
93.516678250135
66.4944440593171
71.9133367795383
66.6132761863697
47.8901034235139
77.4907512604772
63.7381445526074
82.8708381181143
60.0233824539306
76.1686792193063
55.1344494883658
58.4538202750316
43.6235712221978
43.7400496216027
54.5732861918055
43.2162693908519
21.9677404761904
26.5907237656573
28.9135071773457
37.2470980012002
25.5712560292353
54.3679063461778
60.5930245095102
79.7252946379844
33.0233396123258
52.9488967209202
40.5689234030293
32.0207452377553
21.994005840338
16.0163536079915
11.5554805625436
13.7083564662858
17.6807751981284
44.4368430188713
33.8849788642856
19.0593305722833
16.1177640498332
38.9523114995349
47.407834448056
79.529593763036
76.1428564625132
47.1019008823149
32.2286867416604
11.5374497627357
30.4643054654143
49.0704358667397
56.5845978525304
42.2437974823197
56.9748575978729
56.0631054353393
46.0024345968321
62.7147346539442
43.991712478608
29.5698789933698
20.5582446689376
24.9125423602653
27.9513179816954
32.873140389903
47.940307306233
19.9845683342016
41.1876799621445
40.9906161125795
57.211572424711
67.2578751724842
50.7798608203034
73.4459639824447
51.556088308125
65.1433852971995
47.5979209076733
41.6086045764856
30.4013059507261
22.7281387290061
24.5263865818121
24.0561830777131
30.6477716197975
56.8474006530399
36.2016793759799
20.8193939239763
16.1781991701834
35.4049995863981
69.3738134395458
63.4807745362609
41.4990931299671
27.0083845971444
35.5349786783939
46.3121641528574
48.3196513228852
52.0691640764652
22.7147042221731
40.2309882532616
15.8641080702653
20.1883382044308
19.7011287986567
23.3274299083469
13.8342099083731
28.191696200118
52.2308695357267
40.3005201955615
44.5037271211057
61.8392446997871
75.2995223437835
65.3756943136398
98.5982744786715
78.0389999003531
69.9836856501013
65.9474396429772
33.7975017274513
53.2928572057811
68.0663954771408
70.4686306090013
77.4841637780402
58.7898610189797
74.2363015364315
63.3292974355447
58.3958602040362
53.7169304505959
72.4717597721751
73.29690240109
41.6668913140479
56.8849973342431
65.5116134836926
56.104312875777
19.6119762712775
34.3636726286841
21.0966893771909
31.5074627668899
13.963263709747
20.7245047442346
55.8734599683049
52.9080893154036
61.551269618737
59.5599506900615
68.1119466618879
34.6543579610736
64.3984951395875
75.4544239695955
51.4500739678544
50.6564899889414
51.7212781300986
68.2242506813126
76.8302137995729
20.1961896762753
16.1606637996611
55.5251265217392
72.6764877831986
74.3560437744054
69.1444873221694
44.7633776875701
48.2480146987618
70.6308516892494
57.0074181355331
44.4536114055359
42.2055791407398
59.6176155254002
54.2279697211364
66.0696203761824
64.2155221614673
47.4177735130585
29.1504474725542
47.2245021209521
29.4881096830769
32.6192881120555
20.8868492158026
20.7631709469639
29.9698675911128
54.5079078725984
43.42432214784
43.2324657149423
70.9513613286496
50.7804793328021
44.1421950428214
58.7965231166299
52.331529578567
30.8260457835446
38.9573196444971
50.3637574347526
35.8706976605381
52.8558805110153
48.9949201992582
53.2874993899263
53.5124175971962
47.840762827037
55.6095438069912
78.7475231050591
40.2456016901356
59.5147545344242
54.4054239709361
57.7879151060446
29.5356029830921
35.5703878549815
43.6524132189473
38.1274458980228
42.5222967140596
29.2179131124169
28.7625300666096
28.0233451022175
26.5210830347905
51.2401054036774
48.8807975377009
44.6881924976774
32.8430817313188
56.6469404754572
50.6594142137117
75.3097803686701
74.6754861905591
96.3496333271638
56.1408696465882
48.1740181584524
45.5018043898999
5.88396985518439
51.5628776770682
63.0611795795184
63.4731658223594
61.4709885162024
76.592369857192
48.5702674911832
45.05362998761
40.9843060953888
67.4197677648043
51.0890042388232
56.973393043067
59.4887683571121
42.1014849842327
43.3682935688217
26.898598536336
37.5055253697893
17.707146330412
22.5735437973962
38.7403555145575
39.3461490993574
44.8107607398661
39.3762487311716
37.7079737921329
42.6161835965716
61.5498687160367
54.1077548054989
59.71151313415
91.6225602589119
81.088558509012
71.5181662154945
51.1835106980562
24.7211688790016
9.12667496863628
41.3192143673575
89.8289250835421
59.4782778905085
81.8783620866811
60.9526201436604
53.8387180100295
74.353446230266
111.504887470365
75.1695057575928
61.1537744603262
67.432799645169
50.8127575395414
56.9388380895117
48.7916227776604
34.3134822478501
31.5605946794962
11.6946170942104
24.2858205269763
35.6460458873043
30.5282880739865
41.3935926328462
29.6400558115885
30.01349885406
22.8799102494368
47.0128918962359
53.6235107194884
59.5092885367466
43.1082982423034
39.5872052798939
72.7416438880173
44.7797257353455
19.4317465310211
8.52415440317588
62.5848053206962
92.0161674693106
101.362074130089
71.7049395346207
65.7828659642081
68.5832150449375
84.2531326489734
69.1123503288981
63.9635464712046
60.1697678045421
78.3754803341861
66.0729826225213
40.3190457660892
34.5861961521594
20.9847235686953
24.6635798436033
18.8747407667027
22.6405102479997
33.4611072556281
48.1647739169701
30.8961149127738
41.8223313847487
47.4385249137806
67.0454481209352
67.5783377306683
67.1614021918838
83.9806815199856
60.4814249409948
63.1528914855173
25.1632749938603
11.7634192875038
18.7397171597814
35.4453119881504
97.034835938225
76.037279788602
59.5089742286981
55.3160420582717
61.5260843823715
66.3573039679074
68.2850415846521
50.4334396249995
58.6275675156147
55.8364139260472
57.1884306872078
27.8719600426239
18.0650615996837
16.534862985245
31.7189640290551
29.1559846327493
18.9248208617213
15.3878606102299
35.399506373424
39.1300465502247
37.8898836948283
41.7120430435638
56.2653535251172
56.6241775288554
57.5614323856818
51.9945616549287
71.8471580412319
35.7408930630512
9.78824006670124
16.7672927514016
29.313567704818
37.8244760880113
64.2713990985349
69.9497348520241
44.9490872125351
44.3015734363679
54.7795139109432
72.0504321295774
55.0008844326938
60.523910645538
48.656328447667
34.5916312569643
24.1178576526954
12.9099644161359
23.4225302618749
39.7312129692635
22.7994819180637
18.5442423702648
32.2681990642123
36.8837585442309
43.8971301013679
31.4727882534425
48.1768694947792
67.0453813360137
42.6434236967966
51.6152886742176
64.8951491170016
12.5185512777523
5.33240524764739
5.88863678256199
23.9436346758137
61.2552186440108
52.2028180834192
48.0019062274559
42.0937133164037
51.543837729133
74.2583138760908
81.0147330743405
62.3461280625423
58.7300102837155
43.8848555158769
44.9916738028342
35.4975819238098
23.6450355039521
23.5398583310279
39.8763077915421
33.2782504133764
41.5546752413543
45.142961674105
49.3478818990134
42.5626376589857
48.874703977802
64.8350243114213
45.6711369760428
34.8779709575563
21.8402436587701
2.54010875881887
4.78433852327222
14.4053395105993
44.45043139831
70.1936321914596
75.04369744442
53.9262155329273
38.7457495066155
63.0465696515745
42.1859243782865
39.056447964155
45.301376970093
40.7887193821259
40.6054365708453
45.8018732197696
36.2701755483072
25.2272420374135
15.3564877125143
36.1112238964054
42.0677676567859
41.2674830109743
47.4722062389214
41.2738820536274
34.344347525278
30.7061086040526
15.7305176676266
15.0404305641156
9.28508338876186
4.30862107993941
8.45760203146812
31.0951120629659
43.2062275546115
44.0872937807699
54.0795287132153
49.6478618060056
88.7725990672199
38.31324311246
33.407076086456
31.0777184760459
23.343969077007
23.2035507454205
44.6903974835097
37.2228231044526
13.0798578447273
15.4632458977813
52.8265498392758
41.0842587536842
34.140787172981
48.5029660523162
18.0259578863113
20.6759628952617
6.30755570611395
10.4330854336397
11.6214658254413
6.17189412388279
10.0336032377669
15.4758851020275
43.049055886987
36.0985469900949
38.9874275207814
46.9634783538561
54.0318347827341
12.8420259625647
13.9412526949688
25.5175621778379
27.7121986763095
22.3997387313664
34.4867123642495
42.4803795180839
45.620803955283
52.2831701158224
21.6918889266838
15.5917506767905
20.6756739277234
4.18565800468463
7.93405890783601
11.2502511294825
1.80478665076319
20.6969252370848
11.0781148151777
10.7111082573277
24.418413369951
10.0322330243179
8.00148951507978
6.43667327563383
4.12248937822558
12.6810280076459
10.8590878571299
10.7604152538341
18.4448113126304
23.8645212004126
28.1257573180601
15.9827401509483
4.64896005921618
4.47519583318357
3.75235315209614
6.31552956563534
9.03430537168889
3.85216337594337
16.1320387418564
9.34719379742738
8.33573362487237
7.55601200850085
7.19299428669153
4.17899515256483
6.9119864317437
14.4576746928922
5.35821159586325
8.03405238470677
7.18483468491271
2.74088202413809
1.36225615328744
2.0663276023548
9.03965032260543
10.3835967627943
14.5564934039365
8.58592019873731
9.58194067410353
6.21817863669313
5.02403513821961
8.56302938438148
11.2047314356995
17.3617564205986
17.3001689046654
20.8039632835331
24.4655221115753
17.8130970766837
17.3181876317662
21.2616509350821
14.9578722964426
4.1995406723071
8.23132110640524
13.5932194697269
24.0062584598065
31.8878187938753
5.12711176377278
8.70950637498139
14.6116056211708
41.0386595212956
50.383517661908
47.4341869067082
57.2553057898399
71.4116944646564
109.532156731591
76.4797197101794
107.588550713094
76.5760616584715
31.9547330554929
5.89168230922149
12.3203387891283
44.4823629874233
35.3094732718051
41.8956619141578
87.9794878313825
44.1719953802779
8.12838894382813
3.01181445566398
31.2446226128518
74.8141666822414
93.6698448761949
77.7809871533121
88.8207349423316
55.7810027435528
73.7982569547189
70.5891757832441
62.1628907120685
97.7390863004879
84.1684878970974
26.9813319600526
18.9476419507677
10.3918888800049
30.533499946135
75.4654694324825
125.443373274422
78.1338578718233
84.3780936493937
40.2913579914577
2.67172723234467
8.59098741402564
25.5965378498485
57.5373147032613
26.9525438062111
24.5299386684776
77.9554951562494
133.190926793465
92.7481783557409
86.0678212254387
93.9583286793333
153.476093608794
47.6453844012483
42.3200646649984
61.3659709233769
23.9379797640636
4.44638071462218
10.480803497784
26.7809155833553
48.5497568844842
40.1802055568682
55.9093702198499
71.3053465799999
39.2662706625848
51.4527392199433
28.3161520666842
11.2673269189474
56.005149407768
58.9627144591864
65.4594376228086
33.4215328233776
26.7607872081672
154.86425704901
112.196500849976
139.0863522893
103.567219220508
137.939721902675
57.0909982516025
60.7062741636683
70.4954583743386
35.9286274466373
12.1230979777921
4.55742617102199
8.46517587178206
38.3591091218073
71.4630263128661
51.7435492158688
73.9500176529689
91.1911372908044
64.985057718954
63.0038785465361
77.8299820984645
34.8106763826216
36.1116148043903
27.97055643158
44.6214951366077
74.1823859071817
19.152396784002
73.840934524322
137.424890709108
141.303874587105
90.1957312385956
87.8899589234991
84.3233214176185
62.2261827331645
67.6279360934221
59.9373263392574
48.8038244263464
15.665636787124
5.49893849721787
10.2845170160135
44.3953929062749
109.72896624878
114.075256713747
120.1131857148
104.186546609895
98.8877051665276
87.7817267977169
88.5983838873705
73.9616091179025
63.7880819807468
49.6774186243323
43.8257134319235
61.6236414415908
85.9910222658325
19.9977688191133
49.9928439695802
113.496965956421
133.223504659416
96.9128299617552
105.757002268431
97.3267053380056
81.195704013069
55.3807633540071
56.2909961238386
91.6029046362581
75.6177614641043
1.81259826592412
9.99049767709811
23.9333857824476
27.7424933392194
69.930423973711
110.756697347263
115.178953905125
64.0040812706192
45.9848146192045
63.8882411564082
65.8295189984391
85.5491151113612
70.2372668087054
93.3884284883423
74.6120451523968
65.0239509592075
94.5117396662452
80.1376960653168
27.1301652250949
68.2852658127725
116.367402471169
87.0045044897077
105.165850866329
81.9368645889574
53.9399626609665
60.4035620398184
98.3121581237325
47.7572767535994
92.7202817015308
71.4887498664054
21.2551732599319
7.84495772648063
44.1776181915491
80.1236514284999
32.0679626332263
19.5643968118598
47.1528069660833
110.858905102568
103.372496801478
69.3108434561517
74.6592367759691
95.3003474771794
62.0935571417017
53.7653940325019
64.296030931134
47.3177533724753
44.2328027623286
85.9128216437611
64.2850187869355
63.121030173854
111.866134946492
97.5276482995375
64.551356442321
61.1270494712335
115.18979625638
76.8224652454579
87.2785058633231
138.491451715679
113.344593524665
116.44468655192
104.327270810398
40.9215240869534
21.0976613414299
88.4558485777906
101.908099281455
106.212951782356
66.9081573419367
93.8319463975865
100.989926928834
72.5461160975404
100.332928211817
105.562236243367
85.288247631272
99.4052233899331
54.9277714249608
81.7750530425968
33.3655135259586
37.3538347401208
86.8297649902742
60.9373964879261
69.8834950475007
89.5514318300637
60.6130991028143
55.0176264519832
53.0583709982184
107.894187705906
119.41266875957
131.024892708052
77.41754267612
49.8585304333719
83.7588145920321
56.9120091645525
91.8391105529479
95.5686102509623
3.12537885533919
16.1730186263852
23.908042697782
53.6588110027836
107.263489306452
59.9322514470958
67.1539264225928
121.775180772657
99.9155242204161
92.0646149706366
72.8767540699974
91.7620612352089
106.591350065901
91.7203729058542
56.7585782069956
39.125521764686
94.8255061415683
29.7809276812407
14.0151420562569
68.8535055977521
23.4292829308134
29.2556327815775
71.5652149775596
78.732466231133
54.4237779162997
89.7627535565332
76.4136688998932
102.930461596829
82.84765333141
69.9596484764146
88.4696522073519
72.4953971006589
72.9910397723097
70.327940051697
60.5162276523757
5.28287525960286
13.9899590085305
37.3241430631005
95.3879675446624
70.9292705186502
92.7549562429287
78.3802567213287
63.8784198811268
115.138467683973
87.2740158977303
51.9022144425051
58.8596649362597
65.6446961470946
67.4525288253628
37.7148110526857
51.1150211449963
67.6716589737215
16.5250098966987
6.42248420305881
45.9153539782788
23.767622342598
44.9319880963433
67.1396102543126
87.5779005854784
39.4442861584165
54.7405375880396
80.0161620350077
96.0254206037533
96.3595673228686
63.6200924010271
60.819544007727
103.36119745002
81.9152593687807
47.4743505884424
40.8213371818492
7.29043486375864
18.597822171611
46.1739171332964
85.4224240767836
110.844043976377
102.48235756069
112.905733923054
93.0266497233365
89.6916534623337
90.6659216939378
69.6896697223727
61.3332621801349
66.8038803004421
63.4034352893458
77.1999482596167
65.7917745922711
64.2829790068028
54.6654671122515
9.47575711913133
10.5290429007279
17.5172669388461
20.9899946712893
58.3287246285095
67.2542935486866
58.658538835457
33.0212293378333
59.3553197998883
52.374342852217
86.7229494927842
106.335073761199
112.874715960035
93.9463851727615
87.4768059795975
75.066826470543
107.684853100333
97.4053872314354
43.9208629390412
18.6234146828805
5.19944946232798
51.8333232717008
86.9578188516098
77.9178569814813
65.90068833758
84.002180583931
71.0708489671861
55.1502984160285
88.6317634978602
60.5955526373067
80.3230696221465
68.2902099534411
70.781158655921
64.359166800218
46.7523501967044
64.0962216964145
49.0995279875456
17.414669011309
36.2529362623462
30.38211491021
26.1926041308566
71.0114669670157
71.9137242271587
43.6336707192219
36.8138766408102
73.1454618308469
44.8182101861402
66.5740652979928
87.5720819330395
95.7197130456957
93.107983467595
72.930935645501
100.989996033295
109.541252623451
66.4974301678293
35.542132381471
19.4251997363616
20.3253445336755
78.6201468914807
95.1592413032423
84.3496497273807
66.3903724711985
67.0055449534994
72.578647824018
69.2184568027007
81.831672095954
61.0615928247601
75.8931815636565
50.8614871332251
55.5699535623323
36.3487593192426
36.8021104493568
62.4042111311355
33.9184985634918
16.2466252616543
36.1469256299148
37.2302995130035
29.6610571515547
45.158135870884
63.1749693339368
62.1643395508971
55.3499653212796
66.038810158687
55.3361460478281
100.307068514879
76.379344395926
53.1238005284809
78.2288572524209
88.4925771945312
99.7843098180538
63.6865331202332
39.3596911550585
55.7808211994274
67.8557369595474
18.7383375746889
13.8791743246465
25.8635240158751
32.2936898725437
66.046570307935
76.6701648577618
68.7182198412391
67.113231308463
73.2111949205996
78.8463168081395
83.7250427166979
84.7706959660836
45.3179014341623
77.7321899894544
49.2670753359571
36.2897838081959
63.5516985531678
50.3461591279918
32.0604384072275
44.9038776974563
14.9569202364986
25.3997589785022
45.5026863162524
22.4546919929318
54.8646619581068
63.3877298290884
81.6982477312164
60.0488247282419
51.5208984545309
49.7982777766622
82.9366906043333
56.958778728937
74.3180567898547
67.0008919679537
94.29988599514
93.1012347159025
74.9563365583928
72.0122739156882
66.8837098080406
54.8421256546301
19.0748632746467
25.9473095654465
38.9726673140983
69.7301627192898
67.9417111534636
83.7688404345348
64.2935321733216
60.7334786807319
73.634135281493
84.6216720906891
81.8818724506124
80.584819525593
40.9716276916432
54.640412862346
63.4472420254433
77.732659364825
72.7511416846643
47.9245744998388
30.1973216253261
46.2441111468365
10.8506883377732
21.1277029747264
41.4283078999718
22.7425651705125
59.5667899531389
65.9504240353795
72.4084671429024
54.0704600580945
52.8130700622927
46.7870286638721
58.856319478066
62.5514084805693
56.9818621135869
70.162421596399
60.8219737694273
60.0281829685106
57.4972233596462
37.0858959995685
15.9271820411136
14.512786249497
9.60861023916745
28.9187594590049
18.560297208672
42.0810032907737
93.3109714248101
49.0257986765895
48.0668355195493
101.556196738931
106.891727867555
94.8535442395639
83.7756857300373
52.3203787581646
88.6167751340477
46.4348178030818
36.0217226975519
50.7185987659372
62.03888785313
61.8787166558695
54.8632411543755
22.4586375701478
18.3574806515659
4.19239630394345
6.36594144903576
11.7924916293401
13.7802375998118
41.0419131581826
68.0344976523152
84.7234639201675
90.5738485129266
87.2296698417509
93.3037779996583
58.7252752431375
83.8571348098794
61.1522232075293
80.728865498847
78.3581854930181
62.9337459718622
64.3048211518661
25.7558265314302
12.4049444206355
11.4737322159485
34.9941974534001
27.0650262900147
38.9114309690885
46.482380747105
42.9808650266767
51.9192806906644
99.3677320170384
100.737676279283
95.0640339996495
72.1718651593531
51.9614831492236
77.8678403181507
68.1400540290201
44.1026785511019
58.1378777182334
76.3952148446682
67.2045375624645
78.893622739334
15.9309299202878
4.25797256157195
3.00700377162506
3.14042243201941
2.50535162459131
4.73538502502211
30.4598269548532
39.9048195507416
51.4360692162925
81.5882128430721
106.974385407371
71.164891935114
65.3410898893283
73.7254236985214
50.4276628714934
62.4968956247507
53.3845099084085
55.0066991278308
53.5703884191481
58.8706100903871
47.2988966093052
35.5725948277289
45.1950217757693
51.5618086245682
31.9291491488167
76.8034523610876
105.719671757034
107.759952870755
73.1137411106883
66.4368869664458
90.7662736681125
101.338573929702
75.8271366721891
58.1971628773161
73.3138045366329
75.2805313212736
94.1728663498833
80.4184017520399
58.9338626850959
43.659810158269
46.9989042617075
13.5846902464519
13.2791287746767
9.23464795698205
6.04522862738287
7.71467374787956
18.8324391438364
56.1139135629415
70.2312817706337
59.8259624946546
61.6687008533136
96.0029905421936
68.4844876887705
58.6330357669844
87.2567581091235
69.7876105089234
64.038433259009
67.1121513040351
38.707951092477
39.1112656064618
38.1435114879515
74.2825244728522
66.5417257379523
34.0815851283888
43.4783395356142
35.1231938355953
46.2233850076275
54.0122670244889
82.5703195680146
91.2496110452243
97.9875985730396
87.2230434314022
92.5324188667693
82.1974893119334
68.0232258119724
62.6022512078302
71.9516132373157
74.6338099197883
52.230810345419
58.2266515629351
74.368034365064
51.2399970503948
22.3752830662555
19.0140934710912
18.0559393803027
16.808057920433
18.4144228315318
50.3922342433355
73.7187639257214
84.2495068013141
83.6307292433625
76.8963804963489
81.3604195774916
81.6176754011741
75.9544140119536
77.2454530294115
90.6600899230637
65.5673786599032
92.708337294425
28.2291095349034
28.0880035261779
50.481002370602
42.7490309928123
55.5971778652214
60.7516917907401
40.6414956146974
14.4568460022891
61.6389201347956
53.7577756053102
42.784581503233
52.1524622606735
73.4273948778518
77.2624720231316
77.0591260424288
88.8739572983946
72.8251393590555
78.9256951456744
57.3791959270554
68.5252368111191
79.3711274864344
64.8390069752555
75.2123857527337
80.3990633399677
69.6190030409731
68.4486373002294
33.162685829184
25.2252243699954
34.7092552139933
47.0065247520308
85.3939835358025
85.0994752021468
77.8315057298399
76.0817034080362
77.5562448713233
71.1159768215014
74.741987256223
81.4620449739278
80.9049188093832
80.4344195894643
60.2687299331015
90.8391846316784
51.7336448922586
33.8316575873261
30.4912644566581
61.5173249625825
65.6895898971453
64.6224147798778
7.3647740845312
47.4731457054034
137.352783761166
66.5877194471913
87.7459722649398
92.977000924979
91.5553553573657
87.4071555869619
91.4273869013382
87.0431511920627
75.9630467873656
73.1468566538465
77.1071958073019
79.5674193507759
75.0076925976326
83.9687626562234
71.2172916736891
91.4856303485966
95.1368769210244
54.4950656743849
34.2888576998659
40.1621507798374
60.4121316150158
74.5676573011986
67.9121712972057
74.0622906360955
81.6127895890676
70.504805806978
77.3980186268353
70.9363220618199
83.6218722639603
61.9659709882985
65.7625216245728
74.273311706602
70.6378791925753
53.0539161419612
40.7409226410825
30.2255243471821
56.0920885061273
66.7905675529025
40.2400248663098
10.7805742791649
10.5695539962593
85.2331893120281
98.6692612435609
73.2731672417414
60.5802068476291
56.7729707100824
87.3491960842906
76.7284404735773
72.9063264519714
71.7532179787285
74.2171466602942
72.2611116224164
69.1486877243462
75.8726753159962
78.0404289053054
79.2073750180759
70.7396932865534
84.6001862597421
74.9344100716343
72.2429264370953
46.0478004296971
42.2718517059865
69.2307111305091
71.3676635982734
62.2407482791585
70.4401727287706
67.129546871599
70.1238217136604
73.0297469350599
59.2850662208881
72.3884424977071
74.9344613257851
29.9634623855652
60.0869284880185
70.4845353908229
57.6749467313799
39.605519128876
30.5053443097472
34.1948164737311
27.1004034516543
28.579910408259
1.28507737201219
23.9682572064647
55.8974744133447
92.3029090516404
83.7487826382282
73.4982471989452
47.5386793384261
96.7365885991072
65.2479285048874
55.7806742298669
84.9471183695009
58.3768450501771
65.199740556473
79.8037270563073
77.7648947024154
76.2548926335223
67.6461755400875
64.5066979402479
62.7514412676442
75.3673094784588
72.976111166288
67.8483377435246
65.2827508041445
82.6520274607469
73.8281074086747
66.5806457783933
78.6188239942615
80.9031977480328
83.3168131715052
69.2214024377762
61.721918784695
76.2639938002899
80.3924413670314
44.4368339790363
38.9741103501723
87.8737547727834
48.8697533003956
49.2206590030633
31.9986075281457
28.8031244349812
38.2910661427173
39.1161768941042
53.8511731466727
53.0748188377321
66.3920814052059
79.3121892242813
93.589744619308
73.6522291721466
102.009387999814
49.90976667351
90.9580411435802
91.8899708323327
51.4881100680494
49.238633799212
88.1808168146268
72.9263708570063
75.218018340387
69.3404346663183
83.6809402939231
71.1983464093156
79.1489395913992
78.2866832442886
75.7055032762137
72.44622109409
72.4608359986485
61.8676370512486
61.3676261494095
64.2145288293249
79.9359051923541
69.6182957093939
62.81858775698
64.6181841952264
83.8329815355189
69.5235741512456
71.9383410671575
35.1432659327215
79.0241096427222
42.2994018497063
42.6512455876222
60.9185122726035
46.579467880301
56.0793520215036
54.052251040524
6.92853238389992
18.5558530684367
42.4997678326216
55.9297854931403
100.704393403721
107.203851803353
102.71741772986
73.0429600193693
52.7481814165839
58.2001204770399
79.3870291722535
48.6226989780006
80.2476761663775
90.4324851350694
93.662372399499
74.1097871269568
70.2779125911386
80.2929645074877
74.3938642563688
74.659552457174
79.1111615020732
76.9816057512694
80.7173882935097
84.0896807947578
62.1965406541155
36.7511454233699
29.8319961487634
25.6706560148454
28.5140796550052
36.8532654197974
31.7915716686166
53.5908647988769
97.4230280842596
94.7245212017005
65.4162475273304
57.6899476942015
70.9370641030908
52.9915095903728
30.4179723295809
51.6756647502159
35.8419443021864
44.746958120902
36.9044286443599
17.4133074848486
28.2945497416141
74.2364958936424
112.25119780255
90.9258318860033
40.1534596347811
35.1677161387264
51.4141939535358
103.113507139705
46.5998090823887
35.183966126566
61.4701100421673
84.5099696097997
111.540365188901
69.7108083207801
61.6478465100136
63.2890671739494
44.7076917648275
48.7456133389756
77.7079386746196
82.0576781875306
89.3704674430663
64.869337491681
33.6943982801054
29.4461393605471
30.9971975162791
30.0670368259153
29.2344462727337
23.3050898137428
19.8036512927286
27.2580096326305
50.3362726769146
53.2799479022098
50.3119560276593
53.6592460371867
39.0220162171717
46.2721434110324
53.4769646521313
44.3146828401871
55.261710633398
64.1806449788004
30.734470094696
18.7962961501266
27.6625171425337
50.724032144104
22.8240639015209
33.5540445515398
87.3560233437796
89.1428823376098
93.4927748564127
57.3547114295417
77.2265524811964
57.5033593347272
93.2052943766404
101.506155855461
58.2710313290434
48.5401241547616
43.4030495298344
36.1448884711966
39.6426523336087
71.3575761831172
48.0070524743844
45.0008632965112
27.5987344376943
30.4700343106964
53.524589595429
43.6079727864026
40.3717740420838
44.6376398387415
33.2110683541511
43.2119379424221
41.2301443509821
30.7340334977364
32.2574266131118
35.1165955356671
49.3255934558962
34.0410445823641
46.3437687385689
58.3480447931902
23.8534439154524
52.6274117902287
33.7214164583932
13.4799328309263
5.6948569085991
20.690116341182
11.9633039042893
12.9987876017203
89.0622316475419
32.1527036308604
25.8164738089055
46.7347891924536
58.2226453780711
71.4996022382799
66.4652424235371
90.7379739522864
87.9088580203349
72.2663224062861
58.8009603909894
35.8424243465317
31.5226280759634
37.8159705190234
65.8084622768602
30.3996419599451
34.4670316786677
24.3443903952936
27.0370020055306
27.2659660185969
20.692894531313
32.3270024237911
47.8026179105047
63.2609107104392
58.3574121082852
43.7851022235162
48.549479265167
24.8405616620582
42.4062461150562
46.0235893209567
29.3157189975743
65.7381450973507
61.6125538799387
42.6734185193831
26.4761974055884
9.8991756807814
3.91907637809773
10.1316457840046
23.1918208181213
34.6247707037572
21.708600917042
52.3163988061801
73.5364226046954
47.9522432477332
73.8106700584463
61.5832433503957
93.3115645332039
75.9688326151229
90.212723379492
73.5487684558861
56.5579534611493
47.8284762146568
51.9483531578779
38.7252296860032
36.0204989032179
33.8235735092641
27.252499600288
39.9761774526164
42.8698912512875
41.0212507392099
52.3823283418186
40.06122123836
47.4116390229692
50.1402968391135
53.2375405800382
50.9821199572383
34.9215634926431
30.6067230123629
45.6500482200027
42.0245891003108
79.8811842048793
48.4989930285835
66.5447643577857
33.8170675405488
13.2523709809608
8.63822409833649
6.84628822063555
20.6160522240863
56.708410049311
81.9693883354055
72.7631441839754
97.4686954558162
76.5926319003086
82.0014083739192
71.6541710795198
83.4739152964676
89.7317833526054
84.0327397136412
59.758593697802
56.3409848655294
41.7133328393271
39.8303857100782
36.7727502396436
57.327846355186
41.577880924916
29.6400355634137
63.1423842206098
47.6687086908586
43.1401161623187
30.1765478613127
35.0839222710243
32.8607346266377
36.6967312910696
30.7392754968156
36.3689450913834
23.0877726702786
18.697464126525
50.6225963556503
65.4904247708747
57.3089754856073
34.645193453455
50.0506234734934
26.1354921640865
21.7315439031535
4.4846094213411
35.802209298182
111.524696880052
91.0281577588489
66.0508927083813
96.6247669117346
83.3302165591398
73.8746540186878
61.9687795967541
70.5267756446817
84.867797673736
75.2734766265485
85.2179329521266
67.2172233524909
65.7487202669588
45.4817637548691
39.0816174471597
81.7742044685136
51.9514786411232
14.7652257200269
42.1879480166832
51.1874905455678
36.8650389066966
25.5412940774937
53.9243915642264
43.8859032262681
60.5313160016264
42.4814891321693
66.3311990504784
24.5621247672834
17.1195880308245
29.3028599130177
68.2708168537099
54.9742129116318
23.0079760741305
19.336977509978
21.6792068462753
20.4121389679052
5.50552885508276
54.0105578020073
37.6133892823998
85.7776275349763
83.0856147766109
74.0892701766973
57.5300994118142
50.957340621749
49.3014162705931
66.3393872410878
73.1849897029689
59.2624307860666
74.5259256512656
44.2632782699901
53.6406160005635
45.8226505290814
61.3459011229839
35.3816451005172
17.2631445324077
38.4496056931066
39.3709461827358
30.3864805913645
52.483451873074
37.4878428898928
36.3961923594091
32.2512310219864
65.6002035647254
49.3449352421469
44.6936294384963
35.317537813832
42.0193166398108
89.3978278356527
59.0170869277882
53.5643275186422
32.0402938360672
16.6401790852026
41.5165581949919
23.059515287932
65.8709633910125
94.4420860249891
67.0129861261447
71.3298004310542
66.637179871033
54.6248844160478
45.9940686792468
86.1767412030079
57.8535318790879
51.5735991875745
30.4283118783905
60.1260180988092
44.6096018009833
43.4349067278044
19.1511953877741
19.7539215510367
22.3572014089243
20.6604799617125
32.5496878184689
48.7698623276006
46.1762237511766
48.3793537444272
44.9809538535479
61.4186195674399
51.2780434400436
59.245860324503
75.2611311850215
80.4621803181017
74.9786903590758
79.0244125080184
68.2224319349391
72.6685627289956
37.693762866794
32.2076788766037
83.3358396983633
94.5530815948435
77.4226529674987
63.9571159119914
55.8971587027855
85.219841314893
49.1355049053085
70.6535570963923
65.0548907931046
71.0485722332888
76.6417985179593
71.5957055983987
70.6466687189069
63.5933075964799
57.9379140160579
17.6512636493092
14.8027087607013
42.6403648126827
38.7110173043264
21.5344216745289
31.8495392994243
55.5386615054345
68.4405375539927
72.3802625040115
54.5972642504683
81.9007978429966
63.8298129308266
71.3153667492204
57.0297094425496
55.2569485031357
50.7908795165374
68.5752009730485
72.1512248038662
95.6194128750657
73.1025511184961
69.8085805303708
80.5940816278546
73.3753883019003
64.1122144969607
57.0663518681331
69.6143037711519
57.1055493201298
42.2502188171924
41.6338042800824
59.8736720621556
70.6789125213055
87.852569485162
54.4437187461781
27.4679219890942
29.9085607060961
51.9558049843374
34.1690498906871
46.7086533577177
58.6459315652942
31.796481952021
58.1757861231897
54.8927898210217
78.0393490013668
40.55838859471
82.6854995625331
59.3426233077151
70.5600303896548
55.0079118154762
48.8914191494382
33.4742987108416
41.1902371299682
34.5569638599977
39.7642625962395
55.2358936389329
58.7789813400614
51.2401780293158
59.7897790916002
67.4114273485924
44.5395338093895
47.0488976573854
60.4686167265616
63.7215499931417
57.1776110527742
60.2392405524092
45.103822396141
54.0459516227108
40.4275558756849
54.6962350605862
57.1415675141689
58.1841014789557
25.0509069836881
25.0705995175797
45.1968379426852
45.6507722077212
59.2410783127896
45.3060959388254
49.5723886496621
33.2971798467504
48.3714196472921
61.9146223075097
81.9588257214008
66.4286683941185
95.6483230528957
70.1187501967153
58.715977101308
33.0341258573655
16.0397695342514
16.8529194644041
32.0889426869597
47.3207373752201
58.0111151189955
61.6570355011066
71.8757733515219
56.5651083958606
62.8415188075654
77.4515902733106
74.0494296026155
51.5839418871876
44.6307410764032
76.3638641368265
80.4438195424291
73.4423652758573
67.8314164726364
45.2264675374073
41.543157559977
37.1181542826232
51.0842220790761
59.8737254840319
55.3773515961191
45.3623054649728
40.3768973904657
65.2025555986131
56.7226153495537
77.8010372189059
62.470708393625
75.9914922757709
91.2065945019319
79.6587120206515
91.0345979749896
50.0461729924379
22.0614968645456
22.6902685241199
57.2932042951244
55.1143645668394
84.9007835985557
68.597481169966
62.4398900979156
72.4364324998384
80.2416975654456
78.3218792739474
62.1732355917065
64.8757894016069
69.3825154470839
63.8608899257879
60.5260270891841
46.1825293872923
35.3219696698292
19.3397231069145
25.5266571861202
44.0809108652213
63.4368724883453
66.2437410968103
33.4900519272378
37.9099840659724
36.6258620189376
42.9466206900008
47.410897085461
43.5859288335144
38.2051183304211
53.5994981838635
75.1484921938468
67.4149701682707
42.6357272236998
12.4212159117986
39.1794005615017
90.7542212159393
89.2939228355351
78.4660154571278
56.9993560040202
62.7458158003959
82.4881165983575
86.7126448004226
69.6813482468386
62.1960371525094
67.9833436980581
80.5855352099418
95.3203156472493
44.9154773819523
62.6481136401609
20.3614634314959
21.0070064499698
38.1023270711706
68.6253268707905
43.7506210011898
46.7203040666763
45.9258801552454
55.742194891237
61.7842015174894
67.4779614538079
64.7032816497866
47.3631262306004
72.3989153468758
63.8618607557754
62.7838200007437
19.3353206338368
25.6840206611514
76.1821458690699
73.2019458690998
57.2799018067723
49.3252998370902
64.8074004633812
64.8780167789153
59.0561741829679
43.6797536712092
50.8793777191005
56.7658330327246
55.4163200225454
61.9418582128212
73.3900861048716
36.2742289868722
30.1924893473829
37.1899014969023
51.7463692931875
23.841659376658
50.1305142890953
37.7451825507286
64.9475204922077
47.3091205960861
50.3046792170701
62.6636156665652
70.0725218138096
58.7866163227624
59.296246991884
52.7562978407927
21.3449432792282
5.05542607258247
36.2645150568019
52.8616002458342
61.853003630619
88.7263356777469
41.6113704769035
48.2635712607818
52.1566393048269
69.9083371300711
56.3126692433466
69.4057890481402
60.4291254918739
47.9044958746688
69.591627478847
31.728613680023
34.1658743332646
51.6148362612661
56.5042155572669
48.8075754802188
57.2776121140524
61.2603754809019
75.3849800641107
59.0323185090173
78.2858483907734
69.3656879908347
63.8171179553836
47.8938477705202
39.2360143807762
13.8491815435504
17.9147689320188
68.0897559333529
60.6124018186211
47.5537648988797
42.7067345705332
56.5275715912121
74.2135650108386
68.461848865202
70.8558585497038
70.2133887337583
74.9675637764422
72.2201563459041
62.1161655898989
55.6277196395266
27.6512966259303
26.2549566893324
55.3251339680369
35.9080447688114
50.2018792982501
64.0856945107947
75.5602758057901
67.1105784873909
68.4883873880533
79.2247233292099
56.0612102877777
53.8139960640046
13.5933444921835
2.94269546287203
2.14778522056661
31.7364141745363
43.8640765693586
85.9372102408376
72.1055354571071
52.3050981257385
35.7235592676128
45.3796952657804
67.0689266956781
35.2099882417427
52.6526238309904
41.7038766936184
43.0575327627717
54.2668546191836
24.5683061100394
11.6148395935857
26.5755392151248
38.2571167999433
41.8889220260968
36.3845003814061
40.2604069036371
24.4109688153526
16.419535237279
39.3996693059623
29.3364313822144
12.3912543372911
11.6628598188722
5.07196179028469
11.3191838898941
25.2813756501299
81.0687222810484
70.5405765819683
30.5494442255945
34.5617615902237
22.5838981490122
23.1366350309968
33.2243754938135
31.1795487030893
21.3360126614645
21.733113536141
10.5936722787357
3.7312913724853
8.90473085497286
20.3564593500012
32.3210132465832
28.2063945480775
31.8958585436863
7.5745745462827
6.57338793110496
4.92293638608248
10.1300714475138
18.9406643142938
12.6178971218273
10.0982554528581
13.8324267004532
23.8428239239698
11.2025313662899
5.54410045679061
10.196686256305
21.0099004423533
26.8843768382107
10.0215682145949
18.1713080944656
32.3633895149775
13.9247462275034
19.0461605346964
10.7340836725772
30.5554069355318
41.7684550872307
22.4211574523957
5.62910626594489
6.6395986917869
5.81954492344025
2.81697916301231
4.07465002424548
4.33810572304281
6.00260063021542
10.1498481847647
5.99621719921041
4.8071170666065
9.97437334007714
10.2543750466496
2.11239486327203
9.39002481044076
13.4447029478083
9.04711627677769
5.56903444365865
8.2623270500526
9.93808741785355
7.5755793866667
8.25290623475252
27.6176663826753
15.7275216741592
6.05313071105604
4.95077806958544
3.40112100883263
6.73473393349905
2.59847956603919
6.35570523527654
3.94894079023123
5.89347622263248
4.7798571310118
8.08892991528037
6.6857035339507
13.3884165273169
5.72981683957158
2.16587797317076
8.35361227353611
9.88771797462524
8.91950210616628
6.3400579314736
1.85813538039088
0.750587769072713
2.35537198481279
4.11856051560297
7.86109834858083
15.0072946426304
5.04914415993049
3.38725956462638
7.34203562818613
20.9382086785742
4.9776678271764
3.83443518729794
7.14627573233341
32.686111226174
58.4310644236414
47.5959534335301
72.9719177798957
49.6587318181892
27.3248494978703
2.50753324935897
12.6204578166571
15.8605770608081
16.2361272638927
40.2507375717906
32.1719761689675
7.06011379667778
6.4572046743267
17.4207214374459
52.2101559577497
49.214173804325
52.3827991335531
60.9672883343453
58.9659936430752
176.711304660224
85.3008231992509
68.9028555186623
37.7690143806439
8.10737044074846
30.4910171081561
71.2645661039198
42.6963762520986
33.1561782010757
59.2261426530674
7.7219833409919
5.31413090110714
19.4880622017034
49.408715284199
66.3416471199433
70.556682554507
73.589582723195
55.5390599973902
44.2665044548462
73.0724694819986
113.208854649679
79.0692247918259
118.52321800231
33.1576449427532
9.52269452069011
14.2613684013453
37.0265920338992
97.2984591339448
143.316905232761
33.7791210947603
30.1271546469692
68.1648260324524
6.67739572088313
7.11803624343363
13.9821779676618
51.6717861887428
45.9783420024747
55.5178171188622
81.9909709961983
131.425856936735
69.2843513137765
54.2991692984629
72.5933032764665
47.6062328280999
76.9243967972047
41.7544340579834
10.9597367437493
12.2143585658862
28.3685938343595
54.7705003303893
80.3793256598378
113.196437994918
100.293739891439
80.3496698673671
98.251682079003
82.8474029568817
61.7398333929464
11.0772968227593
18.9641989422971
83.8326560654836
94.6838698600838
99.5297282543595
100.522564627443
159.05148878583
127.139677512373
62.3054836868556
30.9824852425947
38.526110519667
55.245073625751
36.832411183457
23.4861529610225
52.0187181714417
15.9434539637449
10.0704094137838
27.8234058345364
32.9681949037787
139.478911941489
75.6402537656351
59.3615649915096
114.490572659989
119.411533625462
54.3787602177185
33.9031033094022
31.0593570236357
40.8408448752474
37.2090142767346
53.4886901403308
48.0990331851145
69.6186727012985
41.2707645669853
138.790875553588
134.025895250958
174.762369877038
58.3793663643106
71.9620367520481
82.4234916872091
37.7439458959135
73.2163648376272
51.488765803446
43.9929480493973
7.42542176001859
4.49841465727352
69.1534334968431
86.6202887139164
123.558055179448
129.229115681103
120.305556797591
111.105349359903
141.235691477369
71.5254381181584
52.6225426100689
47.6223960328202
69.9558124615322
41.0429358574511
44.4546830737266
84.9338905009205
98.6484758953289
39.3273751311695
83.0027392901475
89.6867040190053
134.767591332913
134.474474868961
89.9230687496258
74.5095795060607
112.239262483166
100.900542641735
54.6329949203568
77.4254340124052
21.4536968712593
2.23522438110832
8.74734515335971
64.4799615837606
97.9784914293073
73.0057227203401
56.9020456167291
119.855538478192
90.2875488097277
86.3426216951151
93.0932035783401
73.6354484370785
73.515010727751
73.4315642391442
108.319938396768
46.8037212438521
25.2541748688615
92.0871241138909
95.0768734299746
92.6237095703379
111.049581277507
120.859068491131
110.953955260536
102.346458499263
73.9408296997742
78.6823540641895
129.599656909707
94.814054445329
49.2450639948522
32.0416831872754
57.1624626616233
10.3655852045962
6.99138639406152
58.262827529808
108.133656595379
69.7876302188645
50.6304252764842
29.5330014155447
117.630936275667
116.103745257652
99.4164903482694
96.0557954677744
71.2481878845506
41.4987403809154
65.9467116590341
74.0304099017336
72.6515496327378
49.1428968468327
80.9633731869734
53.6712337796064
58.1990112579095
113.410171436959
97.9292554824376
66.1365999282459
96.4080516547153
113.892259679195
92.3551310408674
73.3638318213296
96.1561231401131
112.492227055363
40.4166002990536
34.3822847210013
27.9634318325728
5.08382277460093
8.57196702390456
40.3885583334197
123.470508498963
59.7898086144053
135.542760560658
66.3166983790883
36.8948034515809
103.826240061028
103.377682908436
114.611185345254
89.4795821883318
112.367209631445
80.0915599891243
64.7135952987544
26.1705555751653
17.5429431145276
71.3315374806315
74.4525039020686
28.652200131291
45.2499837615082
93.3993535669492
99.1188211827118
63.7817288112034
79.6749623795699
100.045905931729
134.08771128024
90.2746579051629
117.464838653407
89.447570898202
48.0621112488516
16.7897356739393
29.6880620708761
54.3906315024474
3.61808833148972
16.949934381214
49.1838169206949
101.41617744214
120.643856603203
50.9031609438104
90.8968409057636
126.048519905893
77.2089119408602
94.5237906197483
79.7837890310282
85.333688841686
77.4149675209646
67.9825735673131
72.4530882228722
51.4935756651799
44.1943738354238
32.1817159261156
34.9793627697755
89.8929709650898
44.0827012620892
59.9067226476945
82.1366923167041
84.7822336959964
40.2174523271319
69.3294622500623
101.425111534983
108.68633133829
130.68035816644
120.886952433712
82.2662522318071
31.5832987110092
38.6321289271628
63.8327217748523
60.2255678643665
19.2328614320909
9.29888639094807
15.5575070477315
83.0155363355488
108.131235887284
96.2531886310051
57.5129195390807
74.6676335981495
99.8121168892637
96.4917957389958
99.0250454565088
67.9473089306619
60.3952440840546
76.8542011625169
51.9162333371471
49.7821643849873
54.7809114114855
76.6704300838869
32.2414689960219
11.8112517423727
48.3871658793033
41.9149380979933
39.6841043756341
56.713936682875
85.889877075899
41.253317443664
71.6243202353583
94.5057799294048
105.123803635702
114.530814506724
76.4006371407996
41.0877528087278
77.9657391067966
57.604310130518
42.9422512530001
99.1397358673745
44.0098872056442
37.6988553962861
13.2814608956253
25.1605682923604
75.7183383645946
59.9485601988303
75.3366667002685
113.454612802143
50.9690354611014
83.0358936474338
103.317768255927
92.1486952427866
68.70058366237
86.3764430379814
70.7048063880508
75.4603414145435
77.6909060689187
59.3318759888683
62.5429113798908
10.1777205972015
5.68463639199004
30.3784024972724
27.4784245539235
63.6794240521283
112.640375352062
86.9255663584826
86.9340733000072
93.1348234246837
102.940334240968
95.8184860274671
93.316314386071
87.7803100622553
87.8197217658683
108.054849774067
72.0022254257869
69.6665951958456
116.110516160148
74.7677599315023
63.8334066695963
7.66182010467603
7.84139089913773
34.1361327636923
101.421846577115
50.2767021786395
57.2152646978871
99.8858378145036
88.5305206559642
79.7681425515688
96.7333562621848
74.9023768393855
96.9339588600338
90.7606250068006
90.9236582702232
79.0848861948541
70.2359347302396
51.1962983230179
62.6350044947575
7.73866361835173
8.45679959035535
41.376463381137
46.2685315390529
96.661945835962
85.9586497980836
86.8992679164823
50.6826817632333
82.5122596110397
85.2576601195472
70.5444615266961
87.5173483454354
97.5387493605439
101.822374279025
105.27939856386
116.903524362163
95.6399018761922
124.52900785381
65.1419461628525
36.4508699624036
33.8232748768189
124.100150371121
64.8849356892998
57.377420939379
66.459000746251
69.6169168179094
108.382733142406
106.370745554828
69.5509203202863
74.6511478646836
78.014615865043
70.5249498874074
88.402217891082
71.883205036634
33.7520604793341
38.504971238706
49.4681071080355
16.6825152255737
26.7738763570072
27.9433965432993
41.0632979053286
100.441104893333
82.766410106618
65.8997321076205
58.0562829593485
64.6783087366342
60.3683049259581
63.1728282271387
75.0642388743557
100.997136864587
98.3229134415226
92.2023410060157
82.4166029866787
71.41309244042
106.24124096053
95.3528895075404
77.0789000550091
18.2584628532755
25.7310160845743
105.994438717673
116.363388180049
73.9369871040057
81.6576989156023
87.9959846856778
67.1751639010681
96.0871061165174
90.5246751966358
77.2172769687133
72.0023207552881
36.4251307449382
52.0070993801476
75.683468912161
54.1230910867989
31.4629204768625
56.7706500457131
48.9141398607694
24.1125713298923
23.7741913490128
52.2167990361438
50.9788431536608
87.2069106886902
75.6084556887523
63.2503360922602
62.7308629363854
76.4550396561976
46.6668852435199
63.6767915194418
63.0879416811281
63.3319605411154
105.193451816528
98.4564045150242
81.6086084837085
81.3917108921034
72.5506414563444
91.7160464184914
37.806218995787
31.4148784030041
32.0972642047823
72.5589945125345
113.67209781319
120.779134414548
78.4800474867064
68.2167640957999
78.8319821438292
91.9038156654593
85.1307713386991
73.1324119320993
82.3782316136305
40.75457040335
33.2089764498743
47.276988951007
60.062183339312
75.517156259846
52.0342035893989
49.0772842143543
12.4325102448565
11.4135843365297
59.1860391574333
52.970654758378
71.6320439571905
73.7179031908051
52.5274889445038
62.1505984762027
72.0720929903957
54.3177797064373
66.975704935389
75.1515587387776
58.9091690654945
41.8326245234149
44.5393697033008
36.7134453417643
48.6422736808005
54.8490170441622
55.0135106687649
24.6340031041848
6.79414380633476
45.2425028741778
50.37957932379
88.6151766998088
75.70905345508
97.6294686169888
69.0416340777337
78.6806272756389
119.132868172241
79.0618026087286
79.8348390637823
72.3973437590927
76.1777828679611
40.2101510235874
32.4812912585392
51.0668582828018
63.7704671681356
56.4313421187589
60.0014438554962
17.7581074608891
6.24588265425661
3.74278952166128
10.3573495492732
27.9439845581112
57.9895043077185
60.4720568625827
44.3898097357896
55.3100654382629
82.1889195317065
79.0309610189498
68.3043834083147
86.522040381578
65.845029381839
41.5770312984687
61.5098931998828
52.0927654484728
42.9882149337204
43.0331541652705
27.5316097231598
33.1692012880527
18.0227545804167
9.73945682428415
55.9819352273237
106.694867242944
95.0977892845387
66.7694301732217
80.295959532001
121.176419121194
107.81933786596
85.2241202759667
59.974547396128
69.0813364601286
65.976931004674
41.9104945196139
26.9124541841779
35.7834314909994
52.6731814188749
61.7667780382153
56.0252587531024
18.0486485386869
11.6680211164351
8.00868233138753
22.1914616953793
40.8763841398591
59.439597969359
60.6659169688055
56.256064138609
62.5925924416023
67.3112197553641
61.5868409424869
83.8437448455282
87.9638960970109
81.3001297638508
64.7958871145531
62.3215496013749
84.9997975774142
80.5808993025308
51.3718261548836
47.9977894241975
59.9982324974132
57.220427613393
12.3406177285201
20.6575010037866
60.8587410115694
121.294646107765
98.6359036843876
93.2356817565405
90.9897078150768
96.9850287258047
117.549733834373
75.7432423010929
53.2946876915736
61.3203400598046
66.5875491877989
68.1075783812588
50.0875241697761
41.3551599989907
26.6134234398427
51.4746756856606
57.9108534516084
45.8779129869256
16.7942815587351
17.3455378152559
34.5707153954491
54.979719558922
69.1097568678964
74.5633146701262
67.3317434436824
80.3242209696315
67.1224697865785
83.8527539173915
84.3242919099327
82.0534427461823
74.8550944796802
79.9079670560587
56.182450379892
54.1985616397871
61.0458575975317
42.7116522902331
64.5156738401605
93.6553173667377
70.6830760047408
17.911569782722
25.8595696534439
53.2351089791928
95.8769073763893
96.6899566183562
79.8874554507826
68.1931290783445
87.9729098742437
100.461074602081
73.1047634937763
68.3363888985986
53.9238696471819
56.1882330447701
81.3741185471556
59.7625052255764
40.3376416843336
48.5877047073288
41.3547603592942
27.6005818886792
25.3335101736452
12.8907651273167
19.3221398490602
29.949501007924
58.4812117648606
87.2373027694589
79.1358491295703
77.943562312004
74.8573629697176
84.4791629942922
79.1742328235454
76.5976128631287
83.4755129222871
62.734003111217
74.3603942816512
88.3388225606681
92.5815243547056
67.633627768697
96.474354650864
87.3768151941096
109.858280958342
53.5446982015595
17.0107567899439
41.354837695526
49.5668778873528
79.1703306018451
94.0550379814237
77.7736284058523
68.7154646818673
83.0588407291295
78.0008208139767
98.6737309891234
82.5128142041799
69.9181283361745
67.0429463251802
77.8657656653131
75.7523147820151
72.8464590355454
73.7919702719505
75.3294937712009
71.3201625556651
48.2333584165605
16.6667986566236
9.92440147036143
17.1685324094988
46.5388877625613
74.9981313784432
83.4775308318561
77.8503285264914
83.8195511198177
87.6106658275788
80.6792392269671
74.665535252035
79.9031218230112
91.9960388830698
85.1470097991396
77.317454277897
80.4490607986897
53.8453702518341
19.5194566208174
27.5637502765944
27.9629080987106
48.1440131965698
48.6592983487689
8.8810652266224
20.4074992163015
114.579088697212
59.2097898580107
94.1446665589833
87.1494503451867
83.3866181693163
91.7892278489509
93.2852363112667
57.3830559598426
56.1660156604017
77.0592246689988
70.7225392936081
82.3265977593567
87.6513014207851
80.93095738518
76.7502022593737
81.006465871352
66.9831818958084
37.5995690158815
23.1602224605625
31.5934300111096
71.8379877248483
77.773540487361
96.7628208757927
85.721126491113
71.8913017642832
81.458200710299
63.8638856649391
66.9565607584975
59.9761626268561
54.0529043515993
82.162906913741
76.2546830683075
92.8867869502207
80.3843431446341
38.8409337779565
21.4506677146328
18.404281706874
32.512910883153
32.4877311013584
32.2215777119972
111.143496384685
61.9521644726122
56.1358080276221
60.5464511788451
75.4735298592357
79.8983234610452
67.922473223876
40.7868481093767
76.8901479600383
87.592924214194
75.0519845165006
86.4909927945618
81.8235681612234
76.2592244903236
82.2430110538249
88.159956515096
64.6738505521177
57.7101790010719
29.8752463784106
37.2156138895743
57.7216937622863
72.7599016294179
60.294961739926
69.0152977685091
71.5878353074631
70.9921797333689
64.4449113274774
64.6318968161036
85.8827699591686
58.888682001578
57.2054300944899
68.4537677551466
67.6727127118593
77.4951528672168
54.2496716426614
48.1273138654374
60.0041072153664
87.5833842169035
35.4130771597162
6.39926772925465
19.0139822737392
58.1869373492223
132.462484461068
73.5957182383114
60.6088161455949
67.3639287175018
87.1857669265497
110.812589052847
70.6844273867208
99.8136654027121
41.8546238276036
62.4821117994131
77.2971396091647
79.2834958370477
80.924289343414
72.9209676849349
63.5604468015326
72.0358669923899
56.1968688850183
59.8874970350572
50.8991440633453
36.3497818179559
63.5849480162182
60.108212404184
48.3190990198209
69.6681425497668
61.4670544330327
76.453783297049
59.3365229383103
54.5326807613905
88.9344625337618
59.6307890207205
32.9196222152174
53.80786744565
64.1582802917748
70.1535626945903
54.61009668605
61.9970094541441
72.1754396299731
56.6858794224207
44.842213084301
13.4464200242996
40.0502792128677
69.9732774870901
73.7362375091752
83.4105452346817
58.4832011736159
63.6152737475306
91.3452814790536
77.548306272235
65.0910876156921
107.515748854408
58.4322511026813
75.0960648191238
92.3791564430054
74.3820922675278
82.6440269559853
62.6805094223217
60.3624586330276
50.6515426035141
49.4918705696776
64.9004971598592
80.0051416592632
48.7771226842622
71.9405639849905
55.5274557863237
62.9662811235488
73.5117659488449
64.2280271137264
78.6661425189684
68.526694252791
73.5635392746981
88.3550015037437
60.8298835581096
52.2261170350553
49.4909945624054
77.0226381851167
85.061603068234
45.0048326805845
72.8945053731736
81.1371384708844
62.0040554055457
31.1907262648493
27.5320236963315
33.7482785968519
77.898445408062
98.7103259722397
124.378595869248
98.4513193176598
94.321070003127
56.0909165650631
49.5835952212221
77.7896258486765
43.0725519057075
57.5487816957994
90.0472371390673
89.9020400147021
86.0781710474145
88.5867324426607
78.2248088041955
73.6833064829034
67.3661473420595
60.7889068532798
80.0775368703718
81.6906553775254
44.4790036450408
68.7110267829623
67.2846706379744
43.5916179059639
41.8390980299978
27.7639898125191
28.778612207121
50.0119577430234
80.7253847696863
83.3125999438721
79.5564552971927
38.4226219985308
54.4720786862325
41.7393587754401
83.1900390622148
57.9233301873336
85.0296781927394
64.8788721452423
57.750211893864
20.8860716062153
16.6705382249452
56.8073267258943
93.6239161725476
80.1534798227668
35.432065440991
38.4870868608283
56.8097898708506
61.0288904477991
49.3671116866798
46.7493837990893
66.6270754746368
98.2111558088215
96.6457366580078
89.7950866167829
76.3810238359402
66.9370405191521
59.3433815106843
54.2211954303593
65.915903661288
85.7226396515803
61.2194282178529
24.5640019055199
41.3232399393503
51.5389112545824
38.3964146483477
30.0834133950019
19.8183571971075
31.4471686546335
33.6585307206818
37.4663821028643
44.5286320374865
57.4154165057581
58.5920246613724
41.8534462372183
31.7253869582325
36.8046722796763
31.6343334789823
54.4804738314369
68.231831839039
29.7432111650395
14.0094507481757
7.10651556398391
12.1353684072054
30.5643603172548
58.108759932935
23.0942199988105
31.8571021793626
74.6925168724254
67.3458173454399
53.6308609159223
40.6824315875634
77.462773249272
101.192255477661
79.7887382927365
92.3967151636725
55.4741158842029
48.8031743298351
33.3179494061788
31.2914532637427
32.008060461848
59.9020722754805
57.6892810399073
27.8715707670912
24.0602640836169
60.3219690953866
63.7020516250479
62.1099112263674
42.2274332984532
49.6994061866352
49.5163033325766
50.7696050875443
37.8203376354286
26.0166586653445
52.3164708984474
87.2863635702105
28.1139239791808
75.8758471167874
60.9655707270914
20.4951736537014
18.0068202927657
40.5319606381628
17.6878411454271
6.93225964594605
9.56508658613422
16.686449694282
24.7417606019978
101.636084325696
54.3874303659999
66.6816264699541
53.9766692507095
85.3537894993664
80.0871241478984
49.8108165207378
54.4721083970164
92.3425953544637
65.7317655419942
71.6709812414588
42.0942366507432
41.5961402093125
37.8271707798264
51.6508946302207
31.5160555214895
17.7936916399253
23.2475157896981
30.7610113684763
31.6608353742008
44.7406589844798
40.7679073584323
35.6976329110519
49.9593893506321
54.2658620683928
47.3425456462536
39.0850740808859
34.4598305817121
41.8796197422359
50.1209766530831
67.1813427968
66.8291329990786
86.5054023503851
26.4469429990945
13.3256777562838
10.5211092580358
8.83410210230542
21.2112209748752
61.1618611992571
61.9990407980859
65.5444477608998
86.582324713999
76.9848169315946
76.8134394390695
66.4610306760409
82.2883775040555
91.9287253191005
99.2795746117522
83.1254549075018
73.0781173125206
58.770398833411
56.8719213074443
55.5291448600609
25.9288917930113
17.986272673907
31.3203327331756
30.3724466369853
37.4367569056313
28.4371099931368
33.3037587468896
29.2125545005703
36.0958763614728
45.539007449805
46.1667464733783
46.284607293035
42.2900165382187
44.1315996871988
33.3246633661503
50.0533666766321
84.2491549383399
83.4359354388938
61.1809469316297
62.9620335817693
40.5252322633944
9.76478377778693
51.2078214167836
79.957449455622
87.8946068469474
87.4365113504564
115.460559911192
77.8632651617734
74.7082125654836
82.1024027582293
76.0101397975609
76.0674180327249
87.4210606366427
71.0377589729529
62.8259462622665
54.4198286376284
45.7750960121637
20.7693201330691
38.4722528545387
47.4444824414031
26.6369301257065
50.8947407800846
38.895194272759
38.0773146384532
44.6467008530392
30.8973157272937
44.5540449212875
46.64997682381
45.5734607983762
38.5327151195722
43.0422272716112
45.7213647634776
87.0414612793311
87.0782999584388
59.6456988642976
77.7210533962777
85.7691491912667
98.2989506672204
24.6268551869459
8.4342045495851
49.6490416915301
100.350331379847
84.1368820403149
72.9871698249279
68.6660225949214
87.5184140636556
77.7874694989279
67.9965860635202
77.6046775768552
87.3216218600953
85.3139699591733
83.7459617895133
61.2405842380523
56.0114270604031
40.0386331445065
29.7603765928986
51.4232076067775
58.8126824807578
18.9964160190876
48.1475964764281
37.9477058991577
23.9163427398623
28.887506811246
69.3061855645444
45.0867515618411
53.2866667798155
49.7133070066292
59.3375797368725
44.8990840240385
69.9658913195805
84.0394119800474
69.7457657072628
63.6669467293899
57.5200875372892
54.086825469021
39.106424291483
12.1712064588497
51.7167778246678
54.6180768585218
83.9863996195195
87.0263440913367
77.8532416498137
67.6741225374982
62.6119647413352
73.1195458953228
59.1667987167634
71.2389483640881
79.5965135703529
87.0897584016582
67.6082556898802
68.7528509308347
65.8571338861135
45.7620111187909
58.1575001484386
78.2691269749113
34.6021474910452
32.3728909776614
75.4804093820172
29.0549916918812
51.9980576533239
55.53464534939
33.9528915649256
38.2059651482168
38.8208391890939
52.7061721828001
50.1528042866974
63.6347201487837
80.0343158837802
72.6478616469463
71.3261037716901
64.1338735635018
53.2005317309034
24.4042516114848
30.8765092687495
46.6699338844963
95.4730457705975
57.9025542180683
50.9745807289207
78.8729765347989
75.1723244748483
61.5119832393243
51.4355204870637
91.6425410177923
92.8800441289218
58.0031234030389
78.4600816225938
65.557960818723
38.3747896046454
73.2186601977493
64.5019131777915
70.8625177541122
69.201731950164
46.8988667306521
62.8882637338367
85.3175933993279
70.203796524799
58.4132130452138
70.4132413026088
58.8498310596294
50.5861471578225
55.1191322897222
73.1591510262681
79.1711458849109
53.8612774402662
83.4125269481755
95.245184267509
71.5897479098263
43.9990337368634
90.723770255943
70.6572926180438
61.167559861495
49.0028278390361
72.4802060069914
79.0554041029511
66.6064097769992
50.742543429529
41.0932547318932
74.1070881982132
82.0911157294414
87.5422908291077
78.3785266353235
77.378676241562
69.7550380575283
50.870032092739
45.021289223223
56.7810528947219
52.7313721283865
51.2343863065267
45.471425017521
63.9806640757884
76.1431934369793
89.473162378029
62.7587786485275
59.6322813509987
43.3261495431674
71.3275113596115
68.4234428605072
62.8064889371457
54.3466219065839
71.1531424012653
79.7137768620755
89.5545063584498
36.7417602005684
28.3730969433501
78.4547567090717
56.2176587170538
66.6048007080271
64.0533422015596
75.7032336807125
70.8092887044145
66.6209792121906
57.7523511740837
35.122049861604
44.725737517784
69.2788849777954
84.9276667159924
78.1106475350006
79.0402445937452
53.5410990906012
65.3810179998818
50.5805310946903
31.3254507491873
44.4631289134789
45.1199509121856
48.5769657516537
70.7381299843201
75.4935352790673
80.6734660638266
40.8132214086699
56.0008819688111
45.7409041897182
60.366110773356
73.9666925160969
81.8959520645432
70.5119599156064
60.8289301701674
61.5248852617598
47.5002131755029
21.9759994637224
51.0700843926829
60.7638232459312
47.8224511425394
64.3349747095259
67.3513881674525
69.1063678811777
52.237253910551
59.994633487929
58.7928448601828
73.2622938988938
70.8998515140986
61.2250572963107
58.5014849183113
66.5487697991677
69.7987486177336
68.749753480498
60.421850644868
21.1347544325245
26.4894283046573
52.0795457281763
51.6832893253685
48.7567930178045
58.2714919266093
71.8111728636409
40.2825812135969
56.1050144973513
59.125368359087
61.4187401667735
50.7209251088121
90.7992313691956
75.0180743570992
70.8107269720051
52.1097753137441
33.1745310081788
16.8924155184592
30.3141919486055
36.7432572532463
57.0856370849937
64.4660754378242
66.1288085352232
54.308677959451
71.8677818134774
73.0672912476537
74.704605235964
56.0692359425535
47.6340151962895
63.9272398904047
69.4379931993366
92.4355849299107
70.6897142995507
82.8083473494349
54.9212540175271
26.9405386294196
74.7809324596997
68.9802720150021
48.6082479190246
45.1689225667736
59.3068614510439
60.5574097760211
56.1690620881493
80.9318590041821
49.7036433196558
56.3074473454805
79.5129228738672
60.146842825704
47.4514042125161
47.7130753386785
19.2375443777119
15.9871717323673
44.5640242030675
68.2839256788156
75.9699147903493
77.8815846031523
54.7217889539397
60.7802909970866
66.5146731572148
99.1040244248989
79.4222634350278
70.9593473915621
65.9647926695093
73.5094301862262
60.6177778239159
33.3358235886636
38.591886931337
42.3536598388358
25.960566240033
53.2519907137117
59.8801190743914
64.8126954250179
42.6650749671673
41.4706505340763
39.8161849671451
44.2605684238927
55.1841632553768
44.4037707902798
33.2889992534892
66.852854991541
89.2108811995732
64.6578948127775
28.2129617501542
12.7674180315978
5.86082954763477
32.7079949932614
92.9185409218429
63.2946506463884
81.7228176816711
63.5099835327946
62.4428349423413
53.3190957971269
82.8569035387392
77.4887736696688
58.6752712094596
59.6522448874201
80.906668031898
73.1705572031402
76.5757863143331
55.8761415995736
34.1827839460468
23.8893995304369
55.5244980185235
61.8314549823661
64.869221546886
52.4428610810862
55.9096617153537
54.6851480128578
66.7231627173304
62.434218889716
42.6237032696925
31.2132735659979
33.0862467911025
24.1978194748851
46.8682292821973
6.32633449760742
16.4271442167776
28.0008893429353
56.1851478484869
61.4414779529948
47.0495589844358
45.8501640234993
60.7572723489524
62.8416119659115
94.6040869561438
52.8573797759578
46.4328725156153
57.4759167145169
81.6798604561728
60.3383231565984
32.4214113920914
24.1687932005564
25.041621534283
35.9961622844709
65.4260948014719
39.379842095094
50.4008189066501
61.6361734999857
64.5569475609614
58.1373108311235
42.0316355894796
58.4246283933405
86.2898546819315
43.4817835008045
46.8819382446287
26.0683647771732
14.5783078713814
29.7893128475323
67.8955181039547
46.0201676341726
56.7435201816441
56.7449032535788
59.8943763776382
84.9555568648008
47.585919575763
41.1422884406524
76.5125284721253
57.0938265238535
60.0453624855156
85.0562679199035
28.1366034484115
24.2954906992883
68.9203935085047
51.0244209811223
44.477320342505
61.6419079285967
79.9557183021451
49.6987992638214
41.4727513387636
50.1228426121765
33.3150692143392
75.467758483015
66.5809917145173
49.2827436482109
19.6237239709249
4.24228737059162
16.0451404836025
47.8756448230929
60.9048362086736
78.2378682872663
49.8180353390514
75.6742065811757
63.1905235736083
66.3947905434791
54.6768860036172
66.6793582204741
55.5888942312971
47.0367880527941
31.0177199931523
46.4836964188036
68.8027967419778
31.3631235910619
26.5010223585985
43.040206311336
71.7863709790514
64.1791054153193
30.3792229591651
44.8379221771488
58.4029701645589
60.1702662647218
75.841192577728
34.4674849377199
15.2399088969622
1.81711529126193
29.1236244245698
58.8387259380421
94.9557544463017
76.305775087207
58.3597205603832
27.5762877209422
32.2303567964697
51.656983055699
58.078377941147
60.1467231813114
78.68889907601
52.0082173339844
28.1415844952162
26.2476133954256
48.1688494405037
43.2798974683909
59.2730720607294
29.2458327335613
27.1359654659782
51.5146156312695
23.4471508988175
25.7166538189865
20.0336345116681
20.1370848200285
5.80357404183942
4.01331948930776
28.9855261174694
36.2187068917161
47.1546573061804
56.9909227421208
16.2850057732263
27.3810549937909
31.7675548655351
23.350962987858
32.776014186417
44.9090723594157
32.0173090743535
14.4082986582912
8.72250333335951
23.3442400989481
15.926444743264
18.5177659313784
21.4789554301286
35.1166289160137
28.6590258720156
8.06150884292779
4.45394650412615
16.7490504804328
3.9548077137277
4.56834241981969
4.58085681584567
7.43538383689634
10.3581010126026
11.5610129460121
2.52160912684984
5.8786004994735
16.4710918430012
27.4534502354583
13.7681258063237
14.853597505103
34.8302216847497
4.57638630674054
3.47906041614136
6.06814896021005
13.7505385627289
13.095712047888
13.7103951914496
6.89508558270996
8.64974731479752
6.19460318053861
3.05139005698203
6.46369296758385
3.81731383458423
2.18684872100513
4.95734668748966
4.79777029540852
5.85009218562738
6.31261123856805
1.91504392930135
6.92374480103317
8.24968537397372
12.282829713066
14.2497470936639
12.6038879237511
5.24175762175389
3.26667539937269
3.81361578076452
6.61894577051488
18.6860089777893
8.37010062430148
3.99618302958336
2.53834679986126
1.67462996655294
6.73637463285373
3.94925344839026
7.55684002245893
7.34568055203146
3.43008999613589
6.19863161924644
9.78872539299025
6.76137327050685
9.97622666389057
7.20536091957558
3.90077566597596
0.955941324423468
4.481405868761
8.88093220186181
4.28031280381233
6.91058576904915
8.67709682949243
9.77279097747269
3.34685374005494
14.9115201220071
7.74907264217151
12.2096542916245
2.07010816365531
2.01167588464788
15.0230916176346
14.8105147836113
18.5893874109417
9.09140139324628
10.3133069444112
15.6442895925295
30.8482059693907
28.7186021720649
23.7556424778427
3.98748036468863
10.2323751743424
6.95951836353254
9.62125029277707
16.3483180355834
18.2205037148858
5.69922923480344
7.63076959416359
6.05544861835132
61.1182216124898
70.5505736626858
22.2757482110054
35.3185231370899
49.0842306427261
85.1677828343359
81.4315068313093
38.0909941996438
20.0233421792063
17.6886627806105
2.4970796684547
32.2678789450607
91.0144751200752
32.1782829886784
30.0214835829367
59.9641752317219
10.8922815398112
9.24386249893305
21.732339704582
68.2348349579855
84.9345651430389
34.4140828623611
40.9424293405026
42.3653994720058
35.101636133279
62.0784319021715
87.8673449257825
61.1780298961139
17.4916276218014
4.65225379070675
19.4748632901459
35.4888999302462
54.5093262264698
143.768992092072
45.7678861362043
64.7562527101825
64.4728793238718
15.7031668154229
9.63772098890633
6.48891733273285
14.199882813141
35.4037344416951
63.9092632352073
57.1275182629018
137.516661756349
76.4436907985958
42.9685569351429
24.3339231054486
40.3437279822221
55.6997075705959
50.398099902789
23.1385728817507
24.2304894574315
62.3335549114662
79.0072750976269
146.748426188525
42.2195498905501
37.2334377404993
126.910037567352
109.316775490429
60.1723492266648
21.0280783641304
8.29655425658873
23.0438782504561
56.0396245557976
54.2148778812361
55.6299647052988
144.494675472616
159.139937034313
55.114544586404
34.5828368518736
66.2218592666134
65.5763478615415
57.0554386593991
50.7378868199812
61.0860681818313
4.51178479878786
14.9035618605407
59.0347373979833
128.503416447556
96.8074473859475
78.3637850037572
38.2523170276726
89.6251542069574
97.4947848865003
62.5605951891276
76.876625447729
111.950844249736
23.2056369503541
41.7519779517253
62.9060158755549
73.8840621503342
85.7955324063155
185.592359970684
142.545486703669
158.592287806143
101.913245614822
68.0154095109005
64.5455014401318
86.6451101892228
94.2586350648671
84.7374283981029
56.9761544643854
6.09844775641997
6.02982049189184
28.4132599335728
66.0440512826724
81.5826474657789
105.078889559961
69.3404175969856
105.753834258442
151.398481480826
48.6692876951336
57.3942102695801
71.4022482562477
50.7045195379585
30.8386228890573
28.6817436777998
73.2763741042174
109.446102909462
107.505759949961
141.651744193845
142.210321250628
137.849203156924
77.4056429622152
43.0302186629379
61.3040256097769
91.1334900335848
115.524064957088
92.5789888916953
150.836432894323
40.0502942280381
32.6994387237917
88.5144200422662
73.7434623865374
69.4016998735917
133.776722740951
113.704093891358
111.639476351772
72.7439144438109
65.8674063168021
68.6292904661258
108.771631947727
85.0550581772088
82.8162372906339
50.813655823314
109.207206776746
86.7732103360685
65.6119078320988
143.036541250095
96.1948605944893
94.5655042506109
103.417516335026
37.0999899523111
86.655248629066
140.903706842448
85.5923762083699
109.009083995988
75.9998859691757
96.2939873274359
23.9118199835251
2.81383569202029
19.1640840647637
43.2293121538536
90.1701545456902
80.6960092594436
82.0253564005979
123.853927673364
135.627725141376
117.054016559353
112.421237686986
74.0053792729799
40.8536165690543
82.2714250635357
71.9279551477036
60.6068367762628
44.0807036925982
60.8873899189248
88.7372334532788
97.5546961827562
83.4407254707154
99.1976485726785
52.0041302492038
126.378819022076
106.385374337566
131.126727641649
91.7706278909606
54.6599795342264
54.6823053115707
58.3187788779954
125.587413322072
48.6370079078952
8.99647864969704
13.9781333551182
46.2077650624074
48.7301596852663
33.8328916916073
116.987580486243
85.9219987149538
45.3952094077155
98.8540798050832
119.957365637888
108.061008366306
98.316204559324
113.008039511463
79.9359045131852
62.0453871630385
90.0081990457214
45.5362685758639
31.428732662072
79.5867717811137
59.930045044375
84.2424807273519
103.079963257269
89.4892414209917
48.0410725833674
60.6309633059336
121.144762162965
110.229565663227
93.192410630609
73.8630010650322
50.6600237859951
58.6260877772982
57.4289328968104
73.4345508205499
23.8545788734725
6.22414833372872
17.4539325223175
33.4983615952261
91.5721085569148
80.2848391223543
42.10163857122
67.5281103336706
73.6476370224692
31.5735674980887
79.8802194061333
99.0769009572039
109.454491006876
78.4352136716761
65.0824198936511
43.1385572707261
35.5891230432895
77.2878116341899
38.0329149764141
43.574871741263
82.1203551295821
70.6908867038735
99.2823119633502
45.8316940091002
60.6834721549614
69.0682416409244
59.7067432727035
122.716589143626
97.3392440783565
109.428854990039
104.599559045131
59.2246175469869
61.2023002321653
59.1205673532593
99.8978222496306
77.2666192914235
23.4640961201394
5.1565511988646
61.4157745427348
98.6920955546975
88.8939304789127
54.2480146609993
85.7433867972926
60.104052207802
58.1083880992112
102.083955410844
77.3192689857486
89.0065775049945
86.7601214938302
56.6069536677607
37.7559840510142
43.435762233798
56.5480599523036
36.0893576069376
50.2625277261735
85.8356568156306
82.5994736401518
61.9786413625463
41.674235033522
93.4640361731136
66.1453572829087
49.0734217879841
113.814498319683
114.417614337286
112.09356946464
82.5350044802662
61.4995092994681
59.8670267400022
63.5080823789732
103.565315808905
113.97892305467
67.6977161729608
24.9434989023615
26.7670915808766
108.538223276144
95.9850791852492
86.0459311602218
85.1132405202317
117.707168141389
110.824091906571
88.4834044552256
73.9398953733316
78.2025581117852
69.5233444970968
94.7570328873597
88.8355838970624
57.8016551558126
61.4134789438505
20.5355824941536
17.0723234740797
95.7595093170747
69.034004315083
86.6973209942306
92.4578140953081
104.036365844224
64.2500238579857
50.0670860331205
104.791626721703
104.449462750832
95.6115715921008
77.0017444608976
63.9705705558354
71.464870640377
121.147918051105
104.915243500842
103.208695356584
103.844897361454
78.1440822998661
12.8028003384808
10.1962084905484
8.71356654762776
38.5157481668605
101.196430533776
111.108617515142
104.415598400599
105.927557518722
113.143673546503
81.2416267659457
109.106011253663
67.4440963747705
80.056815340966
71.4248708170784
76.5717207630775
86.7966534789846
68.3229110116291
71.6963621201196
9.24454072650792
9.99131515050607
114.266876794264
58.4983205270865
67.6424508945463
53.126666469843
81.1779202841105
40.0452292824371
70.2391449767085
77.8176667899817
79.2795192247035
94.8125229380542
117.11066248918
94.1402515699054
84.4435835883732
70.2103697117976
112.847438127563
107.397874447918
131.666957928842
59.0782272761285
9.958322038616
52.1742393183725
54.4428798189289
98.4183963387374
107.317481666518
117.837111652535
135.700282674753
117.70523523728
60.5538184062909
56.3623388258268
45.3270207874487
62.1374700134165
87.2288843407123
88.3745751043712
73.7238277006594
58.899402058813
63.6514054732988
6.61004921312974
10.6952198122152
75.6431369149248
51.4929169081214
68.2542512067034
100.072858305998
74.6224205158962
52.4417361233173
46.8102973382321
66.7974475337111
78.149412075619
104.508478768673
112.304088888974
104.069547728331
77.8500717168686
74.6680636703217
91.9451381464334
87.4379616275107
109.961364254993
78.8263783471663
19.1412361420709
42.8363730596305
16.2631386134319
69.7925403662965
101.028032016899
114.151093340005
118.203356165544
83.2584863664896
75.6283533261479
112.285074901592
104.488774909478
69.4073135516177
46.5251601805209
32.3013237188516
34.2155294524501
57.5057554770321
48.6875027099109
72.2567514578129
38.4310717415526
65.8967983651141
6.55679273448016
7.56924955864738
56.5939967788413
57.770284446355
82.0115463645818
85.8348466254575
65.4918555601473
38.7563172451949
45.7308671724928
51.9884785580464
74.4013944953444
73.9587854801413
82.7031795161007
101.261144354474
91.4295568350427
117.598309347978
84.0291162628858
60.1793961587789
47.9906929442674
42.1884577898805
13.5850433209208
14.9983868142214
109.093730471572
99.3251297824358
114.504837725571
110.96272953619
105.667531434114
93.2057806369772
83.096737697613
118.927862224534
77.8478129509628
60.6057034402022
36.1434386806574
40.127771955023
66.8692104004504
65.2410108144503
79.3330646878522
44.3685955241509
66.7026245390345
7.89505443595884
6.5889586897065
51.3346643975331
63.1187748833469
75.698386046784
74.6226175983707
35.8338332997827
49.7120613742221
73.7896099705151
47.2669929603531
70.9437481261262
65.2965216933291
74.0586547240467
73.624260762632
68.9033204173735
65.0523793176393
56.0237356962516
54.3355222533004
77.4576156025536
28.2636444531495
13.5525141176083
20.3407485237785
68.8163974442151
102.535247080336
102.098942759976
83.4263335414536
61.8907350154303
76.957089808754
132.274908818511
80.6495142754975
77.5297010785975
85.3532255072713
64.8186882377778
54.370727111656
35.154938478186
37.6570613966962
73.7039102330759
58.5040276413654
68.5790721147545
60.3285329236933
16.7568579387195
18.4110270480776
53.4390497624123
57.2995551913653
66.1234253734547
62.5271068506758
30.4969692303364
47.7341711027539
64.3367648654796
71.9179930885226
72.4140638170158
61.8731879619094
67.5555995559666
90.4186205412934
69.9524790930473
78.7235435581523
101.588075170228
93.8562455234651
87.4712417942432
69.0976518314209
27.8031346372549
53.1358371264058
88.9479838116327
80.1272250703588
110.814714947443
84.6536747234752
107.149661395157
104.412727482261
71.8419269222093
57.2811131307914
83.5061995644206
92.7407417638089
44.1923097237079
18.7696696492731
17.9738975491959
57.6784965085406
63.8237508037852
61.6417427793208
60.4712764286814
50.6160216541612
44.1043759014591
63.125739507593
63.1699728348997
59.7795633808068
47.9076114823649
45.0470306938312
35.1811619810151
54.4056728849367
77.5280751161178
84.7764421065884
87.1662876032377
93.7935766081463
74.5451572990263
69.2523734536069
72.8145627634755
55.3133425061905
54.2475696636289
61.6230816910621
55.256805410495
32.0377507559921
8.52514338669522
3.46836940045015
17.902819889632
66.5784391872751
101.989473844845
88.218439291876
69.9343192274425
85.235898029498
122.495408705861
56.2641278485095
49.703094035642
56.2191715098282
57.9127180130355
68.7908009208707
38.0312358263435
27.5162348053566
30.4536605994133
48.8246813519001
55.2847528479947
70.6331204725709
69.2354960999858
55.2786617063578
59.5667366607591
61.6765825028683
71.9511253830972
66.6608905667897
73.3961319164916
51.810115344413
77.0932965932034
84.0841874684518
84.1558694698865
78.3737623813332
75.4513815326817
73.2405146062577
75.5684624357022
72.507006393237
52.5885570363171
63.6242645072111
56.8329101119887
56.846053497163
67.6386889790112
0.891718676524033
9.39045678998865
31.1229558205316
77.671035483313
109.749336032987
106.51105705148
90.4528416836061
88.217600479057
100.432306669217
96.9945600300427
82.1221558045395
76.8920585722354
71.4963361183493
69.8959810106192
85.3764001905103
65.0291060153675
60.2658263557792
40.0096931360082
39.2116800458682
63.6509888239429
56.1082853537265
50.3302031177534
44.9095101925333
49.8348310448175
74.2641586766542
73.0327231758167
61.492263375687
78.6715381997866
86.428470067007
93.4699447475475
74.8737146867529
74.7991856108414
65.1305164233515
55.9220284696236
81.6399223185039
75.081125424615
72.7927305337922
67.9745815837323
65.5001107530233
79.2535871920822
57.3626465658171
0.77218228851693
21.4388229626792
23.2709349638777
34.244706765975
63.3874404185214
101.97120063316
110.387268142594
103.410191157198
83.6760697847657
70.2565346154467
65.0081827958181
46.7296295798496
75.3682730964901
73.5628313877302
65.4103318914004
61.3383779131033
59.03189606958
76.1808329755847
62.2455391960691
65.7424969077515
56.6382115825548
63.995172099035
40.6241524905421
40.3407518616809
71.9437719877865
79.6714238719849
83.7350062549018
79.8452274045777
68.9346419530941
66.3672938303429
65.9567021422961
68.6238888515401
66.6887955837797
73.921271368347
65.6368497590881
67.8390192574513
69.0479522148662
58.163691800734
93.0609884494911
60.4618255622571
46.0289962714427
35.8569781915036
30.2589572787183
58.0046485791509
53.1890937844738
51.7843189267541
122.873922463519
126.174637785161
64.461774470389
67.4816765469367
68.7538144827611
59.7525876421283
40.4116037085257
87.251913203962
78.2256510317647
75.8047921862464
83.5263649154298
72.085125246599
79.8450626865197
85.4054526920705
57.0879542894824
27.9489188251571
17.6236367426082
17.946403880033
59.7975968123636
71.8595130788889
75.3793396232738
78.764127081119
80.2270997270138
66.3290636483465
51.3481011154196
61.6135607126488
45.0283125475085
56.8497236260829
68.8778748496261
44.6002681183188
53.421306709693
64.2517651699932
51.2826187142558
51.2721703383249
33.5150754108442
37.3049220117332
40.9223675636608
40.0724776721172
48.2196315236263
116.898068689363
103.793123957452
107.731907411489
90.330333155573
59.0984616171279
81.1844189289327
94.388599621274
72.4086991469691
50.013632747119
81.0425159789893
81.9575811938163
74.0641098013441
90.6911323986738
84.7000763402313
76.8616319216652
81.7552593958058
55.6785686945684
22.9479949575102
11.31544583188
12.0817439283012
36.1487571277733
64.716623280175
63.501267947377
66.2004308728594
75.9147020315683
68.3053237220663
58.5639273215713
83.641833772531
56.4881082342216
36.5051922330648
51.8918227620235
49.8624726559017
32.7855124618631
71.7964217623209
71.3942230376642
44.8974593163922
84.3261861653266
72.1554826515679
47.8670273252939
13.4227626339215
38.352057626364
51.2700889319123
90.9032555693707
84.4165658720895
72.6819161364169
71.0376459745281
103.597685050875
91.8406408123176
91.2448657566995
74.2592815893539
34.4519778867183
55.5610832240272
67.3969735229189
71.3549031909532
79.6921027596011
78.8608875160422
65.898208517825
78.7344904167887
31.7018868883602
32.4830837254868
16.3854296521343
12.3244571933299
33.6969218000756
28.14700047166
49.5134564781113
55.2909799133775
75.0426590440808
68.8777961780641
64.9497497873888
67.4065607267231
81.1299782042882
45.8009421190703
37.7325676423577
36.7265731285644
39.3461183454765
60.2986772886488
66.8195179096148
53.293451582277
69.9216353103252
73.3009544406903
38.8582564565596
19.6548141680443
39.4106905854306
48.4449830732535
92.0190680101218
79.3874544065708
74.7885327707473
79.9315264168612
61.0998709931721
65.0507965298361
62.6944056899342
72.6096525923693
54.6160738136979
77.2759831216246
78.2999025685213
67.3617411373615
74.8492127778419
78.6207316788495
59.152467026592
30.9073658679352
25.4128038826321
50.6038650796385
18.5984868309796
9.52743930094382
68.6515143404635
34.0167282414473
57.2544161480623
69.6356992464855
79.6015592447666
79.843595339825
75.8890864034122
78.9692764495995
86.4120863084126
76.6052216676102
56.1381710428737
40.5842946682192
77.1930986878508
79.0785795852428
60.1642368272069
64.6885506228227
81.2266537497255
49.0014383482752
13.9451564280021
14.4040826166781
31.5534472983314
48.3761422337578
108.540380247499
102.142146440238
92.8597166697406
84.5126219922847
51.5855688616221
56.096043925602
85.3023012771782
76.7799971002586
41.5775074685829
89.7117697323303
89.6972460905077
91.816572222385
81.149109686234
79.4395830233445
75.9748101761246
53.298989183267
53.6367364509252
77.9684828218557
17.857703822429
8.94032569438913
71.7833344189534
58.7061874405653
60.0101021596508
53.1406867725613
49.6068233317566
41.8442971463151
65.0140815491629
89.3354552189501
76.3008234942989
70.6729066097407
61.3307477151041
51.6978906645294
56.8901085672927
89.0898968791043
90.1763278300948
97.6233097918338
60.419205134946
24.011296989568
9.74445692666905
0.757513202767294
17.0350660385585
42.4071767898811
53.6205092679749
106.898095468682
90.1788685448362
82.3584617394026
76.4298041893611
59.5361554869442
43.5074718638941
54.775700430026
92.9337155917505
80.0735685703059
97.9352642718403
72.7128339209886
72.8673926339877
76.4030255688715
77.66300092571
70.5213410394872
66.3616092842804
79.9459587848557
14.0952567139444
4.56316951545594
34.3421190360769
38.7683663981512
35.2311007454579
34.4819249075909
27.2173692558145
27.2974189354493
35.5253042384085
39.4599436257615
54.4528998870301
77.0430822450416
50.3740473905296
41.3496147793856
49.5513578664778
49.2332219780533
54.4312114632096
78.6834400073119
58.5941045210404
15.1132635326701
10.0771696658091
9.85099554292167
12.4572369864238
27.9967418147741
85.6642405445645
97.0415833295553
53.5979784454027
86.7330804385949
96.8131881607029
78.9598756130835
60.5493731811283
111.125445350345
48.9004971169137
40.4452149469933
91.3219731088572
63.6797509547408
32.4979438516559
40.0248910811352
58.3685864877721
49.8015324036407
53.7091873535314
40.0034571455374
14.4751316127428
9.55329254687957
19.8583294723464
35.2689174900171
31.9143548359357
42.6396508888807
53.0585360165497
53.6176674713861
34.3978378555017
26.0962745417037
28.6166826559128
67.2982148523687
66.5858076924128
44.1291088458954
67.0611048961363
67.431176636301
51.5835522283349
61.2093914711582
75.9380256646711
19.5086615839028
11.9127863565785
32.9253398191766
68.021532360595
74.8138773713653
83.9435166694328
107.6898131811
75.9413977023828
64.3687158378115
102.549672607011
76.7629506366688
54.9056195119615
56.6467382428998
92.882235298169
64.3745967134628
56.6356058276844
39.0146574340595
40.5169644570651
31.1220285960822
36.4484991497246
53.0122211329334
30.1427329594376
29.6899985915183
32.1884595936435
35.1080229371008
45.2896547025416
62.1670564297789
50.979477434038
49.9351981112565
46.563181576958
30.0268039283295
28.862181512617
36.246336665032
52.1605320738012
30.6580234008533
54.9593890202086
71.6472385704083
72.6730775181314
65.6566011963789
63.8232332123538
30.8193848315872
34.8374384175153
79.6264155175828
79.2301545702403
97.0328685632151
71.5975111892559
80.022063392577
93.5031839584884
92.7445075036701
81.8329583152941
68.3997009527785
94.9149580829404
74.7726104492753
71.8037454646839
52.9822182380364
54.7005163895195
34.3508396518328
26.29282152218
45.9542029518128
58.8355167772856
35.1443828238879
37.9481095663709
45.8656026917361
29.272719544034
26.2546392096141
34.409602603292
48.7376914506277
52.5124547716811
68.9522891530561
42.5686237137083
54.1245112296546
33.6357845355119
41.2464384555413
79.5303060440312
59.5092139766668
57.7698538105735
80.8348860395089
73.939193166462
47.3494575658543
6.81424655880296
40.3027250917581
79.8096859724398
66.5402791756037
89.3317523522822
84.1278668544639
78.41924426296
98.8528093678391
80.6314153716595
60.1271860820046
63.2402856502563
76.6961063588118
64.9530322119368
66.3806963462322
69.6506594877101
55.2642275437255
69.9095208493674
39.6931310792003
61.6341776533517
55.6008055023555
29.6254458375572
56.0822588412694
45.1905777542055
39.3120326845949
32.9465845629199
28.185836861888
43.860575868437
35.6479896989761
32.2204627478693
43.5760511452611
42.0270665896582
43.006524945428
57.733046820272
79.3789275756558
94.14263382015
54.5050604649067
57.1459300293048
82.5515443428895
54.694804564173
7.39388684713279
26.6621053002043
67.3745116406927
105.736312059997
96.9952494057682
45.9210321790931
76.8075629939837
68.4870650778546
86.1658416730556
52.9429742935612
53.3877760335827
76.0771638775856
87.4942802665841
66.8648289165651
71.3065442825701
49.9064748957371
60.7886869398856
48.9187761360748
59.9457318644311
58.2580973815798
34.7532616107109
49.5856733031617
56.5573314443056
47.55632487449
83.5818871889961
45.8869789309275
55.7281522770183
67.0105213097802
41.8481139278464
58.9476493751181
68.8695248945602
82.0223063474802
74.4218330568835
81.4669671499703
57.8885598723059
47.4417421990969
36.952627763
54.9585959601174
23.7929191728427
53.4578673418475
85.7316070951037
48.9156125276403
72.7099528895286
76.3307144584818
50.6758249804734
63.7069425354857
55.5645658031168
40.8977628386159
64.8773353089651
82.9612880391272
75.5468370427489
73.0475084941083
68.8463407570428
68.3135336899229
51.8919762015521
43.7981297457678
47.3132201229168
41.2151097149166
33.5659053817504
50.5753327257911
46.0152581400936
71.2288363047757
62.4392216000396
45.9901477476987
66.6091911359454
48.9876057521476
28.5524427575622
85.0896314282954
86.9127341400476
96.7410536839915
53.7080814018805
62.6789877559047
47.8433367915286
48.9736659022355
59.9698364341197
60.7841709229583
29.0109522840631
30.1257978799856
90.2022127298679
69.6827120478984
57.4471196155652
66.3662747730731
76.5982301763772
67.8405415031758
65.1411542356389
89.3830143909548
84.8406254250942
80.1499505751848
93.7281591933695
46.0848113899385
37.7937500668201
39.5279322332103
40.6303069321163
50.4208171822879
50.1268010735813
39.3476775098991
51.6196065920795
61.7099437209295
67.6905234719334
66.2746585483838
92.319267885689
70.0152781805388
45.3555910642624
74.8596099502817
79.0504444967697
63.6663940957018
41.2105721438502
99.6482296665232
56.9640521733209
97.1717311240161
62.5825958751226
35.8473981339107
56.9805830210395
63.4013250889511
57.4753390549066
57.98762495238
56.0334885605251
78.9425551849093
57.297556381189
65.1023673220032
65.9562016170078
79.0229375230945
86.012590283035
71.8103807221341
84.5401729497213
70.4986260560635
61.7823741871061
70.779574160305
51.4243417213541
42.2573832895432
52.0141504103489
80.2855490599063
75.052639007013
46.6147393161481
63.7493848292474
87.187860052637
60.4259900426131
76.5779836872757
62.4737378132343
67.0101563940161
71.972371466612
60.5012154685501
67.010381676875
72.0227764568612
78.4729472430665
84.2887802655181
38.8195368122752
29.55124029923
71.6031584737814
60.1335319869132
60.5074397028862
62.5707849327471
94.2083778495889
69.5099298023564
58.4004224439279
63.9105222261771
33.7095736079903
44.3317741258233
79.8920574704448
71.0701568924793
73.6948522694315
77.4687057467998
68.1042181611061
56.7277574162249
57.1481043840084
41.1878149637693
48.2171439181165
63.5761354273877
84.9032786990643
90.6433585829355
65.9281920137562
63.4238500668146
42.7812679499799
67.0215353963899
45.9834226932188
59.603271318554
76.1332597511244
89.9493430704394
66.6757763007013
65.2957776900719
74.6768448685945
60.0127274793917
20.1687763912947
57.1083434686176
70.8951973279933
64.5441023434916
62.258552499162
63.3874819108896
66.4820245958725
39.5032593455177
55.0746026796446
56.4965914704522
73.5628807322107
72.5576934487747
71.9493908310496
84.4950075368647
79.2624535836654
68.0470591117847
72.7962257257671
61.2315756964796
21.1128640761128
22.3522252444725
63.4251703593821
62.3925678750848
74.8561460205314
85.7375860912624
79.5811628568321
39.1222565419656
50.7263258421289
66.2423808015713
67.0973301921276
50.1783722914376
62.4701485123101
67.9233464101994
65.296719892443
72.6548353702215
38.7760100773261
12.0157168207285
67.257916349853
75.5995950153631
61.9696672168506
73.0089210076448
82.0873160697095
65.2258097677874
62.5082785187433
66.5207806451423
77.9551323808932
65.0682586857978
72.4203304723845
80.754366389701
83.641638182191
72.8144356705145
74.6296344614988
85.7661378093552
49.5638317722174
23.532216639283
63.7441569726703
49.6114635750159
88.9360381750996
63.6624690677598
55.5499586536881
52.7457461727582
70.0653315727099
87.0937010675685
54.1028172134784
42.5873200247812
75.4421136336437
46.7108663112627
67.2955496902985
43.1534992284695
12.5387840148532
42.1133400871341
95.266289243463
79.0768290698151
75.4279638597041
83.6765038558395
42.9872022258588
54.264772524111
50.8474682423429
70.9375095969369
89.8547492324651
95.9566380878681
70.5980860749067
68.3970410273976
62.6884650466262
41.545678670872
51.6400393870309
62.019107036481
26.8559041675218
40.2658225885963
53.1435746879467
92.3688415960704
49.2457235381882
52.3129894084162
49.5222012136853
49.3180493163914
78.7776724418885
65.1432633220074
51.0263735772703
61.6745561959452
72.4408700591914
66.158457295313
19.6329410896569
3.03129361651175
51.5682896927306
81.5456869826634
66.433761910836
67.8474979501104
61.955069723306
60.8173645287226
35.0985745402359
88.7759908294216
85.028442050791
58.0906230578557
55.8818937365603
81.1277003325834
59.6484433027169
70.9364417477105
40.8433588150974
49.5934731083581
43.6138258151101
57.5999532885591
42.0535473665459
65.9624665588516
51.0207070994935
66.6767117697418
71.8742848396831
53.5609717437214
60.8411306236554
52.1673380357139
44.8960675509126
27.2500530166245
24.6370396363296
31.1764348581639
1.53521623902164
25.1082247753363
14.2591372924126
48.769117898837
51.9804606292552
74.8491334925784
94.8240514144625
73.4411383120101
54.8082054769225
84.4973629005302
74.8798039517343
38.9133239157984
48.3277244381622
61.7555885999687
55.9654274206641
66.2719108933384
67.9511030985553
49.6468933444455
39.2049673460206
49.0712642092292
46.4194971447018
97.2273208979107
66.8067788180173
77.2811772227544
54.276243980338
41.7753326096566
65.9925676610957
78.3295440270575
50.6341156216686
45.1509448730858
14.8462490091668
6.59897836427255
2.67148107796601
14.120047328086
24.4027944286659
48.8552885860081
83.6794950068691
59.9054321116488
72.2348412192243
73.1791238793749
72.7164776515829
36.0212748293813
62.6645710683952
81.934496538984
56.341561176936
44.0397766080529
38.5968315762028
43.4811887403571
39.7359255664173
50.2448217436955
49.1602209706515
87.0472880032204
88.1533137410788
56.0708359919836
56.1029633678083
61.7713235687912
38.2265019803562
78.1192059214258
77.5700351712561
49.6012044137068
10.8619654871126
5.48121560175497
10.9987425917321
20.7497256628074
40.23505418405
77.5454371912901
45.3256941476451
83.8125792126536
58.2252082257697
58.4188308345178
62.2446552434903
61.0290287524249
72.2285283968617
44.082351969858
28.7247136340104
30.1598432369827
66.0027118739782
17.0756212610656
27.6573547855127
47.9317937269259
70.109188500373
49.2903717155178
51.1487526210104
55.0847000183902
44.2547167320382
32.0257649896694
78.0072957784119
66.8958030220605
24.0238496787392
2.49597422930896
11.7770366809746
34.0656490558999
86.580763135555
65.4969858144946
59.1311571518683
32.30912127904
32.4760776295781
62.9935409435144
46.890682245719
51.8047859880936
63.3930421000782
46.1288345591115
13.4975812667632
24.7788892484277
19.145516226331
30.1625204872263
37.2526166965888
33.4825678812586
38.8996110342517
30.1968460566608
25.5708206159081
22.1571404979188
20.5744256327233
35.5264538626321
17.6658084903851
3.91132902855705
7.22223590105333
23.5235857745249
45.4792536502079
34.3619716449727
19.660193077478
15.0941102222205
15.315100800392
23.6764198523575
47.2379980347183
66.5841608570063
56.7131203710985
8.45251370747827
7.79284580928446
9.72368098945277
23.158285514076
12.7584839517178
18.3154238912141
32.8082532327425
18.4691242863049
6.97648358292201
3.8741092427771
15.0828864958092
12.03580190557
1.4637392569524
3.62365845677346
7.21521000371042
3.3822217817853
5.84726128619161
9.73020925542262
5.23693684791133
5.06775301950083
6.00666627170771
11.5634145821969
23.7814701389424
18.3312471949303
18.8246352380698
5.26795892786889
3.07177500595581
4.85943041717837
4.29826401296942
5.43155624166997
7.30274583277879
9.81020970378283
9.39291850947797
3.88510692207969
5.21161778878567
8.08733613295302
9.94571625577128
6.53718523677462
4.14862221111026
5.1195918460112
5.80711796514268
5.20635096248805
8.93559327170456
5.0296672284942
6.34191889871384
11.7236482873897
7.47095841319428
9.98724117455929
4.18730796537231
4.63041924629098
3.91162297035405
4.15985405803483
4.5831932055216
4.92129995781588
6.70127107986661
11.8950643481249
11.0742903547025
6.8216023160891
7.69371212810542
6.12089621202356
4.70433659222223
4.92597578094744
9.3103997604863
4.25715638932526
2.79948990094242
5.7763518794519
5.93471277169079
3.07911382203979
5.18954763902114
6.87746974846664
7.67078343458399
5.72300552622631
3.36723643337526
1.96499584890489
2.82128034111246
4.98428346757696
4.97329007053096
7.2989834267489
4.64434104591189
5.21461103105357
4.95282515697832
21.5211737587041
7.5764859761773
10.7851408108659
14.1366095123989
3.64128567368183
4.55643785348301
1.70756408996481
2.27840931358753
21.2819263880058
40.5775308823756
53.7401996853693
61.9476024910041
70.7183997484078
43.3255613379444
16.8590172772457
8.60075742599328
9.42038936268361
14.6501015887695
5.88008250907524
23.4770189911562
30.8977533240269
53.9916072226575
31.7070568405875
44.7084911523847
7.12641092768146
7.27687361877965
9.18525284567965
9.71037416753205
55.6268805018182
91.39494176581
99.1214432666931
76.6188897011031
111.665455722177
60.0017874293464
41.9926069383936
21.5544895859949
16.8951388955368
8.94715135520255
6.86690940044955
67.5893984076297
84.8315882474448
48.826847185431
74.3250629795656
75.4344729623075
68.8178162753578
21.2456437410663
9.37944593521739
6.41051175454796
8.18795725617037
28.4024216777997
98.0540730197218
95.9335602705062
147.717655275959
73.9492464308946
45.6472032554804
48.6634057718273
41.2077856023895
36.9185142217027
61.7275342048345
15.0024037688899
28.3911792425086
115.695946181479
110.151863051667
67.6832304138319
57.2185765999907
68.578164985915
96.4363954800445
96.4794325260601
54.401335982114
23.0887042650684
2.9701871253115
18.6473786105479
72.37736505602
85.8258522616704
90.224880372295
138.077592007796
123.119781484192
117.666858951154
108.620208565825
53.5254325137294
47.0911764135523
76.9555840877452
53.0718732324904
40.2897343002804
11.7381833612288
40.3849257421868
110.965375937249
91.0273278218401
68.317565061428
79.2790913514008
72.0754463043733
157.128122904077
84.9862204681341
85.6991093009663
42.7579119835092
25.4865528350982
60.6854309492342
59.9382978315021
80.0221602135003
115.21287663953
114.185860304113
166.430765141177
115.330091840897
92.0920029223272
111.29616902295
76.7695315296237
42.3789386546906
50.266895196708
82.1538029765412
42.6333404181355
4.74350038741742
8.09413081515439
38.4813848647606
73.6731990408552
101.513065414028
40.7028775442395
60.3316989781113
100.387192634959
83.835807426069
59.2979354491475
74.1080856062324
73.0536574824332
44.2965290889466
49.6623022137439
106.289997636829
94.0469068541474
122.169501302704
158.422017596075
139.092894805305
113.159784362482
121.207485887908
89.1982690997058
68.7299275060787
51.7248571018383
97.7647984727249
78.5000646465736
94.1257648993562
44.8971491593803
15.9367607014839
7.15654905641461
37.7506208631389
85.7798979936791
105.07304091017
69.448003361064
34.6505593410859
115.181115353583
123.53003506835
75.319995412457
74.0870659223364
81.5283579899278
108.029232894167
48.9331167865681
51.6514991164624
92.7007433529016
57.4931991068587
48.7565365986063
84.6711030718582
92.3858274481624
122.473586090073
98.1130089733036
61.9679433992705
29.5653153991161
55.4842781368259
80.059377400705
71.4907573542965
100.093607548256
167.633815999584
41.71059695834
5.49855707372148
6.777064000608
10.6893765965778
32.9190272029907
95.8522682056811
102.239703699444
96.0764402780811
67.4370299763525
82.8236121908196
145.515026975875
97.4883074693917
117.854107201117
55.7143671739161
25.7092598752944
57.0811112898119
63.7347626803714
49.9581786361451
65.4573235647687
110.841095191281
69.9726714241971
65.1681411333654
119.106460509854
109.505481618171
103.377516944243
120.814760596564
107.769751141302
121.599336515262
104.343444648198
112.802282330316
68.1286891127235
36.575794497158
31.9456947332867
18.4680317081573
16.8247348966544
25.3262584801042
48.471116083686
87.90761259961
111.03992807817
95.0119503507824
57.3158065445028
54.3056498465973
114.936797401108
83.2597656357816
81.7755863834803
103.5768782157
94.095772073298
33.7916035956384
31.0147509974843
47.0598936963891
36.117434269341
70.4862685016507
104.368511855044
89.3878431074978
72.0541246526225
71.551212521477
116.659159072505
103.963011479227
98.599909577185
140.032352046837
97.0503141028955
80.5643792177924
81.8733606563241
45.898601992317
38.8043461547895
123.302976135814
62.4846389612607
6.55727234875124
7.55775081106946
11.1577798305467
35.8000288641061
108.944322338994
65.4756476914551
101.710790277259
92.4227577874569
96.9655443386028
90.3086821017543
86.4180168413684
89.2214429053298
83.186476229276
90.1452085312223
81.3236592200953
70.3991277169151
43.3286577647757
10.6908195832753
30.9346050419509
68.9878304143275
66.1642910617016
78.9005998216161
86.4183774249035
76.755729249172
88.4292344815342
100.236465776048
121.00692395754
116.495345803496
102.734047867171
96.0132868974514
81.0685423721361
40.3406366688637
67.2381184244933
118.392666893533
72.2474640525563
10.6097287837274
35.3339969486255
76.2610010419616
79.9303181016745
78.8952411251228
86.3140745748759
91.127098757451
113.086461710256
105.58828982828
79.8873485219132
90.2311782179377
68.3915784765292
63.1158888784853
64.0667358476231
77.3545308631408
103.654819664864
50.3450611189474
76.1608724088017
87.5761252398561
75.3549095264601
96.1715609030736
88.4907111977913
98.9933738151167
79.9151459756837
77.0036479096484
112.302662149903
112.103041989834
106.421869977131
85.1282481780239
79.787810436361
81.0755784040955
63.0202897213638
85.4157540333119
62.3516361564476
15.6949918046448
8.9346152369187
50.3506728286268
114.256114388346
122.441446201824
88.2319299980323
70.6257136337104
105.166666953718
108.744779473663
90.343077890692
93.986506674792
76.3411915459494
46.7865202767001
77.1647647675662
75.8441600783362
75.0786480237915
73.6793701677818
68.4111388191124
73.8058398490342
81.6318273974621
82.7337968385111
78.8145175010446
73.7661815210903
75.3701793233999
82.7533937179853
103.069287505983
111.365638526645
98.3966665785267
106.092600423879
93.5814782196084
75.546616415516
79.5334606628289
84.1130208705028
97.6593760752735
74.102560665079
50.8261753907176
23.4427073726401
7.71187141999534
12.7454154152035
80.1887058930165
79.2592328535041
58.8068241373152
65.5083056353024
78.4219365242149
113.808502765575
94.4963971171352
71.4392126661962
67.6331764934822
63.3178355988944
45.6723358478995
52.4582434318982
104.450458118697
74.8144123834555
73.360396022026
29.8136181550582
28.6669350812148
98.6542642175561
76.6358980297346
51.9294443295024
55.6831218447559
65.9609502822128
60.9367107752497
84.2613869378277
91.0166337633244
83.9342976119107
103.508774002151
110.201481766707
45.1207963357782
62.6926494126666
97.4360513611864
77.6836525304647
82.1929309398397
122.014611203985
49.0915877492978
23.4190388827172
11.5106908493463
50.3500884536975
78.9736113638424
96.1272105061728
65.601632491359
88.5265080772952
82.4756565349617
101.524057984577
88.2421975620205
74.333115203064
63.602217813966
78.0709543398557
95.8930187560745
90.9684490538469
92.8457588247619
83.0149396359699
71.177511918689
29.0989891544564
28.565836391122
84.9483950800639
91.8425370880662
67.4193591568333
76.8527997033885
93.8409491406989
74.5413338973767
84.7504730290753
95.1617302112052
89.2353663590426
108.292973749708
91.1290020026106
72.1215140668477
69.6330723223688
92.8657979737285
86.2204520504038
101.329653271818
131.762238536433
42.9919368211633
14.2171066849931
29.2963341834434
108.201797536349
60.6943785721096
111.315847441167
108.768544991272
85.8627507528782
93.52154621429
127.503213290215
78.8627489427603
77.1276277081501
40.0378542766302
79.3106133733826
68.2817042738591
85.1402946390997
63.5787585355202
47.6228332030291
94.7873880599643
26.0919310844994
35.8838934486668
80.6881128462926
85.7154094635584
83.5899259723597
80.2711526979214
74.64029218047
82.585937278727
65.5277011432891
69.5597996213852
59.8171833992762
75.6515753175599
91.8521746103333
88.0789726644661
88.1452081727633
77.5050437593077
104.004557163934
66.2460146453384
66.9785100677207
31.4414065995792
16.1265374546917
10.3199692550651
61.2703760230024
105.111692135477
93.6530219347997
90.1435646897896
69.6175225442241
50.4304778123715
93.8022032940115
98.8321600767886
56.0305096391181
68.8780476214094
38.3021629179209
40.7811203923896
63.7919518483751
78.371119717906
82.9932664476548
54.5417083492084
72.6631602365624
16.5784140266362
24.5283573003255
75.6220790242092
60.69860096448
71.7776600942693
68.7605870989542
87.881072892885
60.7933911385329
66.8380467091637
63.7149450233455
70.622527756398
85.3191476582446
101.896409879397
69.8572958456602
76.8659185100886
63.7006947730532
85.3446516366968
83.7754427477145
84.7857046764305
27.3451080378133
20.172853634822
20.5175219201795
21.1637717819888
79.1571905411693
90.1818450770792
112.966008564681
80.6258619529875
66.3741765465705
99.8784994499354
88.9784157084241
93.9659401290736
66.9479497003192
77.1647636484993
48.8386280530509
50.1973605108366
42.4676048537097
68.7779173913609
72.4978106285837
74.7212049110541
53.3554147631548
32.1719349265882
34.0589027551385
61.1109742061311
59.0207270632944
74.4607380444277
89.1566321196911
58.8382084259319
59.8375965131395
76.1516722078691
55.654693404491
45.0869956425707
68.4313735287084
98.4969175900176
65.733407048669
70.2354957343467
82.0032134205982
82.1260408509599
89.1137736896985
88.5676865078052
69.8800428901335
30.4462422800525
8.71882803543923
11.303519556861
19.6330010557709
59.6517691548115
88.3130385437362
102.541471697108
99.9249710782433
86.2290152189006
105.625375443739
108.628952951193
90.6146227203019
75.3508555213909
59.5481331065647
57.2663428844878
45.748536094885
46.6188308075224
52.720004225933
67.4930406736669
77.2337389918226
52.8749254135392
54.4942034930862
61.8332456128206
68.0833428680852
78.2216164602854
66.5348076929916
57.6797203010694
61.6278092350669
42.3889222182928
74.2915971885186
69.847712978739
80.1876219967704
68.9155666766218
101.795424082519
77.4909993695809
54.7888792460082
96.212437678245
72.5969377673008
98.2686270049491
69.2171023302367
102.159506103064
62.1382574801561
6.43979507323686
45.2909970174139
125.610170443356
119.481986152365
100.13458873252
88.6048482929662
74.2385513652189
123.98204897253
77.5413333647034
83.1296029417337
67.6181532320661
59.1717466047468
58.9437938536317
43.7473261769078
30.1622534779583
37.3174341395434
42.9289610303504
43.0554395671296
67.6494324868284
73.0584870051804
63.859900345083
62.6503309910197
65.7915504860572
57.2683405681333
45.1733624489961
46.4586827119039
57.0613485287256
77.294949423172
83.7829890060841
81.9886116024637
66.3810755600281
69.9630197131894
67.9793646454836
76.7821746049729
61.8188815951516
65.3291795887759
57.7126699626904
65.9936989119535
81.4034055729129
66.9476473772706
27.4476706564571
78.6947973253768
89.1843019916421
103.567431650742
114.466768933612
98.0352379976295
89.4962539535117
91.2617561546144
68.6229616387019
90.8899908368051
70.60999309355
66.3630922159784
61.4125290741878
53.1175273965478
52.0913927853673
43.8323031353438
53.4963550789819
56.8306673132587
79.4729120519842
65.6447761064447
61.5669548384383
62.9458260408925
69.2989237402886
69.0970729555706
79.1699809443087
39.0204389198284
53.964523778738
84.9579070155571
92.732772276711
53.2099025474396
60.199883919634
58.3832841599727
55.3517214043154
68.4862387287549
70.6102302435011
57.6806687829327
55.9890308986937
52.9591459276654
87.4007740997647
56.0012994143097
23.5014392391159
70.3545286351934
67.7345054172572
82.6830249038011
99.3886151779167
94.8163154841586
50.5471536342464
36.5257430552668
20.3985001307351
17.3112941120453
90.0130226052802
71.8282738163499
73.1790999853168
45.7891416916957
61.4157681229415
61.2636252424593
51.5505284442824
60.5925923772606
59.4419690553464
56.2402901284359
66.2319282828422
66.9333468477612
68.0872836187733
92.0631043913527
48.9089913392291
55.8867443403668
50.1304868195323
76.5244385042688
51.4530557043354
61.2836697506034
31.3825113566945
46.6955340516497
50.1631393323327
46.0203575216605
43.5477353271718
65.6491420337797
55.4632882175983
88.8185070343711
84.7871178293508
17.4949057654948
10.4286304035572
38.8202524679718
42.5708526947897
71.4253452895668
66.2914247552459
140.103766310379
78.7203736719987
48.7892351869987
46.2381642790342
47.741903725658
42.1876290935301
22.224049533896
80.1548484725936
88.35673716112
69.3121570331747
70.8467309553057
57.9039188323941
62.4189737463097
63.5876116245532
60.3896406884076
49.2972432492566
31.5863689819005
32.8680882219504
42.9303596683351
77.8719076719018
75.9884358312654
48.2550920536636
62.9513698261355
55.5514736508183
74.4867407053857
72.4964680200385
27.8386235053172
57.9369693838826
45.1558565945446
46.2033535027365
52.4216365529308
35.6532794782625
42.7962795406904
51.6552548404325
63.9793994160392
83.3347258378185
36.267929740188
7.77421780745642
31.9571988897244
54.595578315468
86.5072480550411
96.3116082181447
83.9451064220407
77.0446609472919
54.9036410762942
60.7605973436901
82.968344108693
74.8791440264329
46.9316051709964
35.8425714338444
89.0699340204307
77.7768329970994
81.3866064893145
65.2549574851794
60.1399382745906
63.7646079885123
73.5228948754409
50.6717130189829
50.4188356401605
32.0001747478734
49.0681532464633
62.6219507407135
67.7649037978775
66.2788891691111
77.8384542523453
69.8884424238863
64.8859039060728
83.6185023806581
29.047185351895
40.7203474680709
43.5909624239111
76.4142006960205
26.4616807966197
22.2687305490228
43.2530911447762
30.9098451676077
43.3797249815009
76.4376565879787
43.0768747670723
38.3998459571983
35.4028510666555
67.0320795125511
77.0390371615206
55.3733350637886
90.3997267734653
97.9274378598403
62.7021551213499
90.7015408754966
60.3600655343399
28.8965413363298
32.1744737676706
75.1908709899135
83.5687525524381
81.5868572207631
71.3460041975455
52.8036516395204
50.1165865311466
72.8045595594938
65.4259468149288
20.1652849437304
28.1750865500026
66.3131737586691
55.1289266973738
49.5766347503983
64.3063814618696
71.1450032203328
72.826923423698
67.9007194453862
74.2867212492375
74.8724504358378
41.2218966727632
41.5580506187584
37.9492524841783
35.762648065368
67.0754047297796
54.0851590669031
38.4839829720649
50.4633372818923
36.8483653929726
21.2617407811833
26.898915381909
27.2408833945436
65.0251057359104
79.3853929095517
45.7830108227252
32.8756725773862
83.4431231473106
111.77071733434
91.8250348592542
73.4493160738054
37.578386752322
60.6773420548725
86.0503037260823
77.9584038513468
82.2046606976259
74.2490005546884
73.1364566154306
47.9163748041561
57.5168726493793
79.1415218980646
10.2725408524476
13.598181163858
57.8284823264934
62.2017964573597
43.9885040935641
67.4731294869666
76.0538222799241
70.9375819055712
81.9190237242898
95.6544512642682
75.4066934052973
75.7171406012874
63.7352436423453
50.6399599408115
67.3564185133574
75.6779036634176
95.652132748621
73.1812010264425
82.9045757591402
16.2869382050943
10.1411956222922
11.9010913474045
30.9969148563536
12.9146018846194
92.2245477357261
73.1984403957318
47.6950406471667
44.8513419458507
111.394061835388
108.89362043996
91.9352739454609
89.3066637178614
79.3552634829962
96.769265065324
98.4805293726166
87.8482123295974
78.5629181536936
79.4499471278167
73.0665348673561
37.7276762328251
28.7479312432693
64.8726103595093
10.1730134946368
10.5809663233132
55.3514935724706
15.8933571136805
31.3343072750171
61.9126437755953
61.8292596577841
71.6724033999923
80.0097795614679
101.248842733962
81.8842230862809
79.362950608591
72.2339783449037
84.4642028386082
48.2344434757879
62.9928924007782
69.6340749307251
85.080875164703
64.4469073640911
14.5717134756849
7.32253880924702
22.0094993233092
74.1422311141159
68.3590068915459
97.0892498400319
120.860284022281
87.4530637218318
79.1029385993696
64.5863462693249
53.2608739463656
69.2127399279165
93.6924727212968
89.3254347173472
71.5521791860391
82.8754147839105
79.2180840447422
62.6489471002998
52.8682198925841
32.8611864327028
38.8067503436193
23.9837236823237
21.1524827131876
20.4034233695148
12.2990465587908
26.814197653406
36.2808344000554
31.2832424679923
32.34360000789
47.8908104925255
57.324615092213
67.5448887485131
77.8755236193025
51.2403523381442
46.5635203382343
25.9117456541053
38.3441206020793
87.2290175444095
61.6087365797758
46.3042996881538
15.9944596479109
13.5454135675567
19.6085312164092
71.6532044568647
102.735020744623
122.688907068557
69.8363866716732
42.4970942753965
47.5029663969985
73.4054362058327
82.6407332600138
74.2387772714393
53.0721122548862
92.0212525767005
106.241591731651
68.1145368087233
71.4078722548825
43.1057787069987
39.710690840227
61.6315470369204
44.169574226312
29.7239954389684
27.258866384288
28.3783727610745
24.2064349000081
24.7108585975963
29.944632685052
43.3674784042166
35.0509429370324
40.0504064617889
27.6829420419652
29.8820505611608
54.9264844501772
66.5676238899077
80.8580304972411
59.7679380658082
41.4224056726206
64.0414280773575
65.0085258011151
47.9455382017334
78.7555412904413
17.9321151715436
27.1530901577905
47.4799624208809
51.6919920417064
87.3087558963753
86.1998501506562
105.536099348026
89.7006640516237
92.9197877688878
81.6139558588824
56.748398300531
71.8352058535488
69.5140558971661
40.8101871273378
46.5187984205486
49.9988424879276
57.1714776742027
57.4194954112606
50.4872887672752
41.7845423769938
47.200311590646
40.2884337381714
68.7522834118882
43.9863703437272
30.1389031810043
59.1426283839525
48.712316076911
39.1649336965882
29.8539632173107
27.4855400271632
36.3272618786472
41.0221487654271
57.1063523781989
59.9141952935237
80.7861252029019
102.425558657982
90.7321354465751
64.1258675992862
80.2959953047956
38.8390026358119
14.0429460033704
37.1311700152912
98.5600967096027
95.2877974410267
95.6310849477796
90.9433881778168
92.3187497239734
96.5310687338129
65.7271977063139
68.5624803536151
43.7966571946778
78.7183144310746
65.4694701921825
53.7166186604418
57.6996426959363
43.2068652168458
39.4040026916597
53.6426007624429
73.9326387857684
55.2189283526518
48.7916217231527
52.9911326990319
65.6505998483427
32.7493110333603
55.3556840165857
60.6947345684837
76.2406590465369
61.7826894779042
54.2090641589822
47.8666011566682
45.9057558890507
35.7184276470706
33.8723251829544
79.4271703303273
65.6931250032604
59.8673235703082
68.4506508772301
70.520187080957
52.4089189783435
4.55269019086159
31.6114004417318
63.6749883347909
73.5915064778557
92.6063155959787
97.1907222982965
79.2897440587753
102.758073936257
64.1438626500054
72.8391152287904
60.9113291869714
84.1090000850268
59.4104763842441
53.5612084798429
47.0562986489166
47.3569560186225
37.065545208467
56.7624956077966
50.0482099326181
45.7317167779153
47.0463518694233
42.3488187744546
56.3987682806155
31.6344533377256
36.3672543251298
31.6583258426098
36.5174490518031
27.0539966534474
43.890764000281
54.3319081705653
55.5506423379121
53.8958395649133
44.3006609221115
60.0170160260697
87.9156302382461
41.9480381042422
44.1772585050131
84.3076156110583
59.9157230290222
7.20490665556351
14.3310373157737
52.5369162541578
98.3094054152312
83.6969488137152
66.8289613278068
75.689142884969
86.1866334496275
74.716900158777
59.3041220841978
54.3902007726874
69.7377614072962
53.2489934360072
60.3080673847544
53.1733710075264
62.2910426030299
50.2070393608887
72.3816910081174
37.4643918793516
34.7321816054863
46.2838861925759
36.0289994086529
51.0518742943672
72.6372165194819
55.0671248989399
68.1570178878969
66.7573768299746
48.6025026391947
52.9135839874182
58.4092822955994
57.2718461626063
82.1894430545086
51.6549507455215
81.9794163738841
64.7587498415656
54.6353693092873
79.7501920344444
42.1611880511294
8.61474995203553
16.946323404748
10.0068196832557
48.8578152233836
99.9725534154727
76.7683177662498
69.1277625676407
81.241404786034
82.9466431694174
72.2664208940367
67.666327686417
51.5528124115347
59.5022091102899
81.6942143288523
84.297292100643
40.568871644048
42.01108490924
45.1548919643231
42.4625348639533
29.8560144442291
39.8600228402815
35.6856248788148
45.1009734684106
44.0321525829278
64.7865967696861
74.7990294779644
56.3945505190061
44.6721941360242
63.7214952209421
67.8379179303108
61.3747528639779
83.6366481558524
77.2894892014615
76.1968976514599
44.5427929110517
52.8030337827477
43.309973285266
97.8749947193719
37.6880713639893
61.374533909225
66.0519954630034
58.2521491840933
32.7732935141752
46.2911932443156
56.9841106489665
61.0090988679494
77.1233235165643
63.9004891764076
79.2257175696273
86.0518312709394
75.456955347574
56.893734621316
42.5752370315267
49.9073216058331
36.4441477217212
31.3457923435555
41.0613152019146
24.6103181808106
44.2206899499543
30.8954135289772
48.4724327818134
49.8772473787313
55.3367975285502
81.0310382650425
73.3444863806953
57.8346722007869
49.3030032102739
67.5744182662418
69.7500792486141
51.179192588372
66.8599064534735
76.8553335839465
44.246795386568
100.291806748007
54.4779184946681
23.7266277099888
49.9853749378118
22.2607182647304
29.7275546828886
36.2687671492861
42.7160863243443
78.6078923759356
63.1060947011018
72.2627320810138
61.7231178614749
73.0942294807766
94.6858588005995
62.6089109926503
80.7872406620258
70.2715308178127
71.8330542768601
59.6359457781059
51.8431869165713
50.7639985910859
68.8529426874352
82.4377779853121
69.9422876911509
58.4158247890669
67.542397009925
73.3750175698321
66.7870364502531
82.8894097539792
63.1003513413734
69.1332725126357
79.3378448179174
67.887851599098
78.6488704449246
91.0326786182283
57.9171431465174
75.3103390917622
34.1052105290017
20.9638254404873
61.0657126495882
38.7756879476328
50.9457221830534
71.4780632565371
61.5604322181796
69.6846653369489
60.939126551791
49.4460399334858
36.8022292914587
48.6875297497337
79.6411752776911
79.4317925535993
84.0818076648208
94.0524294773949
89.4918945246402
94.0413261046067
70.8818355964493
41.464595189413
89.3418895859133
73.7903568069335
69.0697385190021
73.8426479351323
73.3656517173466
75.6758080049105
53.0399576051373
66.3371872570721
62.6514151635228
67.6356973365641
63.4448152038361
108.494055763489
87.7274874585135
61.1611845707376
66.9597044947055
51.3103612445367
11.0712662753324
50.6072314187436
91.7612298475051
61.7910948128923
53.9899340419549
44.2724283152045
61.8465614024552
48.8990130754114
45.7334886390873
62.8309840277182
72.7995293295244
82.6606611472698
84.6059382994687
82.1429081126056
102.688053407246
78.2508647329199
87.2439082077153
91.1626627334037
22.6688936189849
50.2252021499017
68.5702535350964
70.1183825553152
93.2245904120256
89.866883629537
74.8904005061555
37.7926735004411
37.3628122134013
65.5563372018546
70.4816085667159
76.3752558186259
77.8269133781621
63.1563572251666
75.7868433983326
59.0863161245522
38.2824355127939
5.93582309368884
7.86926421191792
58.7689047938271
63.0446177099789
49.30485070898
51.4904739204556
64.9059545941113
57.0127385525162
58.4550738788314
67.4034585444248
79.7169474023971
79.2001168705837
71.9738120405687
90.0107767845505
70.0891470077296
58.2549468216047
69.4462412811133
91.8262277687348
56.5356051584978
36.8800788265194
56.8315440672954
65.4032301776855
96.8666010883539
57.6770172019247
55.9897237793759
67.3937969647516
51.2453558453619
55.0247801008798
59.6379940609653
54.7453837376948
80.3684671773632
59.932333819495
62.7130578308908
46.6890088923252
9.75960012361426
31.0018083048608
50.487412098947
78.2314240844002
69.4890779124503
80.440466437928
69.5502703697837
82.670716672332
60.1538967108246
90.9778710347172
97.0984764573239
77.8766325315836
94.594120649352
80.3628175200592
56.4479112362473
68.4598628982054
78.8827538531076
68.2475607686194
37.9417863474442
51.0063719600592
99.0976181009674
93.56687958975
50.0827980936045
32.7188135881736
37.8272734049838
45.4420837052386
55.8828066442051
69.4796176315543
57.3681848941234
45.8164956866135
54.6690728541057
54.2022460524109
21.6042977789206
9.14511003615942
28.2005912675392
64.5947202893658
56.793374601908
68.675093371941
60.0922467443766
84.1663279104223
51.6875390034686
99.1730491254664
85.1426921696186
73.1967545946865
81.6586595634584
81.8159578085014
62.2284656041295
55.4053884773713
66.9274457087795
44.2217268940196
68.5398186961794
69.6950830938987
51.6555356362471
86.5274744870493
50.5475941760674
46.3276838057121
62.877091526039
78.0840786075572
51.2513973601562
41.1939247004689
41.5092944676363
68.9401753082302
51.6201144593755
21.4505648351606
4.44073037362751
33.111255460021
60.7658918745434
92.1142850976825
80.9071960022965
49.7067184656553
65.7039052754208
61.9005054156869
89.1238917936166
76.9674440716393
69.320679936415
73.9028437730973
67.0892110626775
52.7113976884372
61.2531325355592
50.3766786762677
59.2765123923275
82.2238842726693
72.9969617685432
85.3583538046423
76.6990395372134
36.6502058755438
50.1002077551072
62.0628755508571
74.2334813271536
87.7329412715804
46.097162367619
69.6802384325973
32.6654216047271
2.95231822453235
7.8907528335021
20.534566256312
26.3978279078717
40.235881101787
48.0165249491402
110.380569539376
51.6208702456809
59.3760780186943
53.4826709422224
62.8171281788466
83.6804222314441
73.3941360975356
50.7573212150432
68.8158714465415
69.2464052924019
51.8390128381523
62.3866080425636
61.3626823952056
59.8040460298635
85.6530735920089
37.8072502581415
73.32680643719
58.711028080489
97.7173480221708
63.2045334986221
74.223232296548
46.0833596628628
11.6202311101226
3.24801911299902
7.50378941140398
18.5738998794333
29.8271427980353
68.4724669618883
124.923013029835
48.4247446321702
63.7188748099403
60.4361958966005
60.9989983562151
61.2569288696086
54.7384298140797
47.6028792459907
55.7710464810807
43.5837682668094
34.9675832992804
34.0435157830368
37.8122760067724
36.4482493063736
60.0738032782016
88.7500794306498
89.2933454255754
35.9314044641856
43.6414892809964
93.4173830222825
40.6971594217842
9.60753567124325
4.40690263936198
11.4828885287651
46.7494681038411
45.4765492695655
89.6634187427016
75.0378336068061
88.4032992026279
77.389130760411
60.1475774734101
60.4346471358225
96.2396767888326
63.8222165678062
16.7175373769845
20.8939081860452
26.4581172382677
32.8407974290056
23.5507099173197
27.7564706596396
45.4220672944337
33.8464713161553
34.4827610429203
25.4339012247967
15.988105226026
32.9756463520629
10.242059510294
0.9130325140328
5.96519190671692
10.3583049793426
30.078155154849
36.1433433677183
27.5287964877969
28.3907357122125
26.6604499352636
33.3041076995224
73.5547702131278
45.0546984336101
31.9929077099409
13.9304699199364
12.8061325174981
18.6040186676461
20.4440426172031
4.73120304037697
8.50868740692443
21.7702269376368
11.57145043978
12.1513660301259
9.12004010738479
8.06469090877822
6.85362493825381
2.6646968679904
5.40277923101593
5.56519845209479
9.35973188770205
6.23266971186009
9.25555302979865
8.62690913802412
13.2524775586508
43.0676337964032
20.3569054130045
14.1989084972482
6.05861057281973
12.4744590016603
4.27584783962784
3.00360994549655
3.20428410255114
5.62212514494159
8.7147702405845
5.4957538551045
4.44478603630943
3.40682912398445
2.43275322343632
6.06924201964778
5.77900651327397
3.19539256433182
6.57732183641712
8.79149273065434
9.49443907114754
0.247172085095798
0.351006182792425
4.88732771734389
6.56147537430623
3.97502323369462
6.09912927870616
4.48472359749679
7.68624060573774
11.9758751543886
9.18267259104969
5.87949501234577
4.90214001383599
6.4385294399487
5.28777463703495
2.52178734146
3.71066708157704
3.99486566166433
3.51317181642945
2.38931033056852
7.83614700324959
4.44366319672251
4.45081437940959
4.21147228421739
4.58139931485375
2.33889519092107
3.13259037664754
2.12740108269198
4.12922102302338
5.26756139956797
10.7652574619103
14.0104125565459
7.13387359437893
5.01733869188701
9.41678499259532
2.82024638240369
3.59933833748015
5.02929545497927
8.1647617057176
16.0960270362289
20.7870227520898
32.3538077489375
21.1342837712263
8.01775745866223
3.17592753439712
4.84272023904042
17.2780850504984
28.250546232494
36.9652029300793
17.7916979431917
4.29431960059622
5.91497575745548
3.26463076716264
10.4847106442217
23.2020701363252
93.6743590222757
39.4411587900326
59.1790102767596
87.9087317645931
26.4447794887861
24.1222179872341
17.3154424529568
16.0893815705237
27.5045521522161
48.0108069222835
112.073476970356
109.572403372915
62.8416539652064
45.0855684149075
24.6772587531515
10.6864682350125
5.82544673906914
21.9157847519159
18.3950732436917
35.2868821391299
108.447763912506
71.1990578428432
57.4272527705199
60.6454800497246
43.0083711554708
54.9599194228215
41.9660453508571
36.2799122219724
4.40621253894334
4.41448774417673
44.95236066994
51.8109530536503
56.2441582842753
82.8750566663229
50.3346500677667
78.0648967343574
61.4817926343272
82.607250468401
28.5112669073531
11.1538165660041
66.0986203371529
93.2494844089037
77.6689689641234
56.9950118772944
92.5636250316592
83.4314229077969
140.640832868817
177.900730616026
76.2490789133214
76.4044399996213
32.0933556622653
22.2834961444199
21.3582106697997
21.1565174138431
64.9936643485812
73.8849210489311
58.6361562073474
76.9849162417701
76.2292027574933
126.47976964376
108.442105664152
71.3507645760999
46.5895634614547
33.582683614819
95.8846813040374
50.2447303273679
46.6530186597026
107.935757372206
85.3376825730257
109.036059128033
50.9146018554033
99.3149512367612
57.973764081694
101.749365085134
27.0388160348888
23.2543016128753
37.1311917876159
36.0932877656209
4.66053442443478
6.97111595035665
63.0075419085268
55.111028000555
83.5275255020196
64.1086217231385
64.6179210493206
113.77697177758
133.353892107134
78.0118408013819
46.7899821253585
69.8034195916375
103.137937178884
96.3561817591354
86.0958286349154
45.0288085835698
84.8081209470131
129.611864223325
89.6872152063644
51.1515922581773
85.6668456440856
98.9526806092114
104.998890837132
26.1072712929723
36.2575215970611
102.94970826578
68.9031941175151
26.4605487908715
10.7259375791891
7.8672192329948
15.7299472192395
49.2110343306721
89.8489628889674
69.3340402537953
70.4351198238625
85.1266231073596
113.543376195131
127.486001702247
120.111753127771
95.9384942342472
80.8343036572082
93.8317501257034
66.897819540157
78.3870500716151
94.3983706916387
21.8717398812677
28.8103207476558
126.053342664141
93.0563914828204
83.5916401781444
34.5492667160844
70.4211356427895
84.0025426552592
59.5785998208029
101.840918318669
80.6485241929471
109.662605864519
118.415861815856
21.0075573184202
24.3402247869018
77.7047129441808
112.897488543153
99.3076152958722
40.6727790245524
31.2669410307764
85.7387188272283
142.566977607009
117.693840396807
115.347252622708
124.036854534106
76.9032200924527
95.3769314074871
68.6961804818919
83.8222488468646
90.4121562758424
58.3837354110253
36.7350589121149
72.8046018311325
129.323593192444
89.0466974470784
62.5472696834917
108.881389832077
89.7800794742606
135.322212787164
76.4323494824982
50.839760748889
117.528665617101
68.142540940536
37.0586199365191
3.6680714907695
6.36390417193985
38.6727444871173
95.6883460209809
90.8438325123992
133.575564932043
42.5803772118003
37.1941305621187
108.651197018871
123.037431772311
101.653828916349
100.490068227502
111.763983662917
64.537106244835
44.9007001649571
34.0823410094617
40.9963049863108
76.1440199613808
83.2471122103311
50.5779918584811
36.9197330312059
69.7508904270503
104.850215143967
87.5625475762072
146.292995723161
115.874653925563
83.8911287225486
61.5527869139434
91.7715722760415
70.3065430556953
69.8696633944166
69.9291351379143
10.2652844753584
4.40328267625624
2.46861182699621
31.1789014369013
107.171864139743
72.4776636419147
78.6643943253867
130.586194057707
110.171331759654
86.6876122436017
103.068080579566
103.978601507896
84.3665202551184
62.6609413113831
82.3241919663574
56.5805111274583
49.2988786015271
19.6996258349009
31.2843395754256
82.9528579728961
56.6020684650773
71.3989831212932
91.6554053275171
49.4386607487606
91.4441815517984
105.451201620899
107.49402239882
114.335918243794
84.6322852959969
111.93084967359
114.448728426656
69.002529181776
85.0644765068843
58.8723182395614
42.6943566889268
8.39933476089621
11.3696349343754
12.0150024342922
64.025560175627
135.918827311302
93.3186447553915
108.74049773781
79.9800562110959
127.990479012459
111.429932369899
70.5688035127376
108.482171951025
29.364904037412
44.7546218876033
87.2026360153191
55.7566935395831
72.5850475413955
56.1901636449967
82.2257950534398
86.1753977073254
62.8168374834622
74.5016763140541
99.9173325809704
101.599552236427
88.880097102479
101.70358529514
116.750990078671
122.992333528014
125.302871231495
97.494888137099
51.739956816129
47.4787242659941
51.1773445698044
78.6407105119715
88.7144184015599
12.9525403646347
8.50620114692493
14.550711488156
48.8611308717708
141.777432898755
104.119079071653
89.3694786642612
89.8426253192784
65.1360352161479
125.309111752786
81.411915065058
57.0456224284977
68.6275055897067
28.6207661686087
78.846091066017
69.0477539307658
37.5547189570709
65.0806340410995
45.4633469917038
62.7145212365151
107.52467051506
66.5479952681598
68.540597880904
89.5815079475885
88.8428324528513
112.922035424533
99.2814805394766
88.1576834285662
73.1439811894118
122.712731230728
87.7453418261537
36.7099861073422
77.3339015015921
80.3666205604319
52.6897903069696
104.751056809675
44.628094664277
3.75111174813097
14.7780734908241
14.0049735997486
83.6107371436601
112.014864050753
72.2077828233194
107.212398298734
101.122137106166
98.3821177951359
108.163456654394
59.8886503390062
53.7432464294824
59.6346117606019
63.7736844969367
89.5358853114445
86.1633739295793
92.9491292090202
88.144452778962
43.5670237278276
47.0949468575044
72.8588724510086
90.1494827582369
74.2872845570168
81.8041949015297
101.299611171406
95.3107180636534
60.1796246154479
93.6760396371784
94.8845797039954
122.294294863233
93.2410175630017
79.9557699696186
111.066437752774
123.132797310833
67.7656351786149
68.4568466327573
77.8848668973159
12.9379798497277
16.1306643858773
48.2407978933454
100.57943146813
84.600988964924
77.386195082292
84.9894634835431
76.1990002520872
109.512526698543
108.268954390519
81.2813214276141
91.6392656619377
67.7038093383446
75.9485578449275
68.4623400121394
90.3331059931844
89.2992373510683
96.709424133565
42.136642718584
29.2907676677153
51.3936047460039
74.2532737628837
88.0585074259918
76.5663497874197
98.9302505508965
96.3137600558491
78.9462982724948
95.7072892640756
102.314978887781
124.898921880025
79.3993478978396
96.1421692959294
47.9331911970595
65.0389253169228
97.5216337099057
90.4481525209529
100.148709004015
33.0021979879227
24.9193637586055
84.9139605389138
80.3782182294584
104.130900360866
95.4397426924407
44.6651288335484
97.1179615418677
84.4012009256699
95.4870802548408
65.9554923262775
87.9122187248071
55.1493044441645
93.7836957795282
67.1626034234047
81.1286568094521
85.132795390958
99.0613497290582
35.6231411465984
35.6639361050088
93.3442050857654
60.4486714838626
92.5230554351069
85.6597568533577
78.0694903142013
88.7491777831516
86.8146510921272
80.1539119256804
105.55653031707
119.810642010161
99.4389376827552
62.2326825490754
62.9648501551304
71.2651237938512
94.1209616487978
125.008297014179
124.19289208586
68.3710649035917
32.0503722204858
29.8616583636441
32.8516415069415
95.9515102467686
100.394946647928
92.8833089313031
92.9396777023391
67.9459754413
87.5998818650228
106.887615960919
62.9656054524442
63.533497806542
62.4358934709029
46.8065232958531
72.1374810385236
71.2200614608992
89.2308264646639
67.6283927130556
79.483901904729
34.9255701911086
20.7095889383581
88.6866716187542
71.6331472006993
90.4590637071965
65.4705864630745
99.4979071278282
91.472512577848
89.8473326885497
78.6607406069919
90.3838095702238
83.3194239761815
94.0710286138395
85.3929415450108
115.183146674129
85.951625715127
81.1523738096873
76.7989606165604
73.3343459033538
60.0535417000656
13.210713540659
11.8210056750378
25.7562779338632
17.0131072906561
31.4829320513244
68.5149246863198
96.2112365945051
91.2050760570672
85.4320094375013
125.386346174825
109.121880040542
75.072715745809
49.1167009924818
52.3891932173129
44.1755851280193
45.4407253928851
48.2468652366336
58.7681010094378
73.2589557982483
79.3099158590711
75.7893482986906
30.9251560041853
13.7910586565109
35.5018206479722
59.4484359717813
84.6332520032458
89.3601937269351
78.1812878170945
88.7059164583772
78.0602281802128
84.1056187023625
66.9026587679106
84.3262425244919
64.7854199654655
57.0333284903377
84.2064743106962
64.7696835920892
109.157497731888
103.784847490082
90.8183072182452
52.42064983902
17.2330135083546
6.69979259453997
13.5482916995346
48.5275478138077
129.863400345563
74.4712168984175
61.991379043678
120.449513134461
107.927491991736
90.9443325600384
109.089020824703
65.7969709326208
42.2955657233089
43.9576932758457
37.9333407417592
33.7629064013004
51.8801617602613
66.4786251318333
61.8010999787776
64.6622631381109
48.2402811740163
32.1246249618511
24.7750233348397
41.5263390702471
80.2532493986101
78.6146958726398
69.4611097466434
69.571104043979
62.6251553826199
79.648609584844
86.2211360595213
99.7501048876869
114.830457347826
103.714463506412
75.4545739962294
84.1861520630032
78.0694033131411
72.1099830968992
101.11927584943
56.1702044443019
57.0514996368531
37.545580276065
3.638249922858
12.1619464461991
57.6996265340054
128.60796775309
105.801078101402
72.8291839283217
93.3794794296861
105.389066465831
118.745755339802
99.1793733279357
84.4516067102965
59.0230057415126
34.1134926445155
42.7515469885091
42.3993760135702
50.2853978610716
53.7555027273079
51.0743246344372
50.084774719131
41.6803300450118
51.3879745547858
56.6057563092378
55.1746056530777
69.0861113368871
77.0553543825683
55.5198949773955
51.4522056107662
55.7469935768101
79.0759405504315
87.1225885083682
53.22894481117
51.7836685359152
72.4359615260903
77.1875428760868
59.8710139241075
45.2757362733631
79.5562860671764
66.9558898437851
63.8455047311312
73.5335035878058
30.7542564732691
34.6029814760584
90.9277114406599
82.6357846150502
120.814579659444
113.529359330375
122.037143919972
103.39551629048
69.2508831510575
63.8519177719165
109.132523033178
83.4404301599647
73.9344560688133
61.4892329692441
58.53905548259
46.8247097654023
46.423210901472
44.4601409626573
56.5149177534825
66.8770623113679
51.5182968990036
59.1582157955097
71.1208996627356
70.4974315499804
64.7883310948069
49.0500379686257
35.5260364110093
83.4685390570195
81.3303508275103
78.0158306188829
19.4607254653823
43.0032907648107
72.3321970063026
51.0357387799944
46.8571983293483
73.023293874757
55.8512621288452
64.0924343624934
51.2086611633294
66.413541730523
33.5839059614571
23.6385933351612
47.1056094318131
109.142273895022
92.0824664765306
83.8198955767004
97.6173694660927
91.2616584435281
52.465904919681
21.8555902254893
24.6918403263633
70.8290862480699
86.2456479450238
74.3951040930153
76.8856503925669
80.525058334172
72.1229906195831
62.1862997651597
58.6533973479939
72.3929007446183
68.1699566264436
67.879334437952
50.0841284245355
62.8953978961091
66.0982241955019
70.0266025647251
42.1939532358947
40.0522947685297
87.9146554368206
87.5172300397681
47.8619400959252
32.1362503053443
33.5584348731201
38.2513351975409
54.0416276698344
60.4704311450094
53.8709239227889
45.5535384898933
42.2892357865189
67.0146010751937
79.3398559048857
28.6696346132398
28.6164919655799
44.2892560605665
98.8909096080053
75.856225102947
115.749163726912
91.921181591798
52.4380960274359
59.1667336003847
68.1560875186699
62.7373860978448
46.919036831202
88.2234617218904
95.6479852511525
80.0205297551821
55.9103991353509
36.5024568854661
60.3084460065092
56.8289705384548
51.2749127888729
41.7266394122229
59.5656572858192
49.5715807546542
59.3632887621683
59.4507271670157
63.0366938146231
24.1475119563595
47.3337897275567
70.028024440415
75.5918913835092
79.6494377738222
28.4749678065221
54.8887130093539
57.2795300611294
76.4203173183046
62.0693541961903
16.8329608760134
26.4938247663532
59.0863733598905
86.3943316536476
76.5103228190834
21.6496809729867
18.6875676059348
24.1941964494521
103.208310657698
102.909678699901
79.3448922558665
64.818348712581
77.2593615647614
123.513041368598
105.071059317965
68.4870834344587
25.5306918343865
33.4813575709227
84.9046449760301
78.3180745050221
81.9846572985856
40.9016234898657
41.264501922018
48.89754731156
68.666916223335
54.5654855984125
40.4464073238024
56.2150927591778
65.8078977438639
67.0819748150549
37.7742890569197
33.1143311035925
78.189884074584
67.1172044351128
72.6202344608862
98.5778730234655
39.3789691815128
67.1799372206195
76.2508365573798
72.650414799642
66.9496505819542
31.0089261225551
15.9331961082204
17.1994224641798
22.625580261079
30.8400421136817
19.4956396339743
17.9850461311453
28.1164269280744
8.70242722060271
50.1010985314242
54.3617225722575
109.881149906071
126.20510480633
124.182869355197
95.0840174640078
107.553411569032
94.4239088395469
54.7937315862704
56.7806786657786
89.435645191236
82.2627927096662
85.1604559491307
58.3962622346555
22.9937304849397
47.2610545436102
53.2111916890023
49.4248694905118
43.409423156468
46.0017016730355
56.775581761803
70.0928815864113
22.5079025605178
43.4100906126
71.646571089381
69.9315865735986
79.3337366156104
82.0968334266527
66.3183295996388
52.7246733914367
86.773082219048
65.6136928749459
76.168703243858
76.293552585704
49.6250594986408
24.1992878140309
18.8895379431815
10.0384251531248
10.2372240061581
25.6972198014471
15.8231693741194
5.96430925011522
36.8012535999916
36.9664080371794
25.5674319426511
53.6337559792213
45.0357483487863
74.6436967959688
89.5184236829038
81.4786033343254
84.2568422758874
64.6775131507668
87.0248179671424
83.3955464776993
63.0959240665334
62.6704917770294
38.3456378244466
10.2204538058191
34.5845903702955
59.2602082760461
56.7327896576782
45.6804002075277
53.5922946785316
27.2791455567578
14.5258371059869
65.9816232452035
73.3935105058807
68.2619966995337
80.7645613381923
72.6092137496959
65.281026385491
64.2221757652835
57.530330498568
45.1524591694506
86.2915157265083
80.3933651404304
67.4116307368385
97.5710929841913
82.1457603611399
13.8142796453835
5.6539913558303
16.5235822666308
3.65565398078262
52.0635799607623
83.2781904182875
34.20554360086
42.3598576226915
84.7935785737509
112.795629151822
99.2597580804985
78.8164241373883
62.5485319095116
94.7049414255134
86.3754627802963
81.5769312490293
62.8334574990993
90.1804171055364
57.0297811674962
17.813465176927
12.1008980042929
51.059391560884
57.692125108053
42.5745884235074
33.9552447529996
7.96143149427457
24.3224238007004
58.553275599605
81.4748561313862
77.6103625185542
76.4372366622997
87.5902652249787
72.8659938427064
75.9376483936835
91.4784003011858
91.1933822181854
63.5571678674046
83.2370355588799
65.7055720705774
65.525372556575
52.8501769123693
30.5851529156044
9.85676216304075
16.3096073600902
73.7743417445912
81.9683683169399
85.9659154678554
131.736582045946
94.326165048809
71.9123595351063
62.6158508134806
67.0848441823695
68.9171690550209
95.7548652216041
86.1268058072016
79.0681976486995
76.1013578873825
58.3652600105222
38.6916485828988
42.8013550114834
19.1071534479072
25.2746759329392
57.7496082718242
47.7910346106694
23.9042138593024
8.51297322045234
24.4323361276177
31.9329901060713
47.4477521564719
48.8428278748416
47.9207336266
70.9174721240006
75.6868034795105
59.5408445697629
45.3134645140127
71.1270526228007
52.0005132204079
91.7741314140851
35.2547535233429
26.8309098456399
27.0983510995971
31.6991830379041
10.9700303800389
30.1442719656782
90.4058445756775
73.265280559613
51.5561432810182
71.856248552872
92.8875065876517
70.4891451511044
79.4754542947579
62.2931874937328
71.9932290277441
85.2353588714475
97.5332212163308
91.5965347889778
93.0061464797705
64.1299164209437
45.7524307489438
68.5798458687001
40.7057297604764
37.6496130540602
36.2291644973981
42.0926255931091
42.0412128204352
31.4158940853794
52.4262832896383
41.777366177783
42.0930550988975
38.0728196521037
43.4009561457137
52.5058110467012
60.4146980785819
52.3806426535842
64.9151603641511
65.2344069350704
69.9490578094749
83.4434778497246
56.7281424225532
50.0639573810159
53.5800847511242
30.3479584610661
8.25842752824928
11.7310563865812
67.8075726373673
50.2228303520942
63.6223931414075
70.6939366626769
104.003209860721
98.2311699941411
81.8489143151149
72.8234964099711
53.5051364656685
69.3114660704973
66.1362335008742
57.7372217418895
65.1018865623536
74.074900608169
81.0753852012874
62.8796633817645
60.467063657594
42.1651084989621
59.1864085051614
34.9611900516248
34.2845939720679
46.4791551733078
61.3205672652816
52.8616314238637
41.2396128546037
30.1389297429398
35.4010232015432
45.5449900064631
43.1598497056395
46.0338182754839
51.9023407557544
73.4387915941126
84.7148777745231
93.6926460112409
69.8951636852934
67.0187873755058
77.0689046318466
48.2617120338666
3.70172179455545
6.36008922531418
48.2021075277935
76.133028402085
112.059968006787
101.141523508803
107.460503069347
84.6673171853334
98.5778311118077
78.8402073304538
68.0863548268234
48.2446677772913
47.4964792500856
42.4046896622156
42.7330183181975
54.9604595767127
61.4127365564353
44.7874095696066
57.7904662015919
30.577427298258
43.4150404734141
47.0262251889921
27.6833610604716
49.5219636899258
63.7506832708804
64.3995904574786
61.8440246592177
40.0469590484383
41.5752761331398
36.689191783182
30.0227585500605
28.8041261503407
33.5740934504384
56.8085563913491
55.3869500688829
64.3489176687704
63.889387957418
58.7020573648875
56.9360520292169
37.4910349644785
23.7363462688032
43.5164498655007
93.646284841884
89.4687088352593
74.6481950013861
56.0676885365528
77.1401659920101
61.3731444496615
70.7044568101375
45.9981125879251
63.9535192664452
49.816586447498
54.2112529264225
49.5760397014015
42.9778656141834
57.3209718299206
57.2082190052635
31.2113050689763
39.7218232476467
38.1279425729125
32.8449612407648
34.1403080559819
45.7874687763143
39.9069919695993
43.9222622649512
60.4793703286072
53.7832100206527
36.2869520614481
33.0536678905038
49.5972694627706
53.7843127445789
56.2166852292317
76.2507340928466
70.363058693781
73.1565554311818
49.5426859725544
28.794430406813
13.9609465194823
11.723709329023
43.6437701484129
103.320028421737
72.6867719159344
65.34738858195
48.8180031124535
83.4520902657828
60.922987443161
65.0148078501806
49.3599027684936
64.1371613369218
45.8693591570399
60.5311543362996
47.6892090035898
34.2335931190808
71.3325295248409
53.034548222792
36.7149023760242
28.93149340997
32.5853771278868
45.8199143280552
49.0689189693077
65.8232637726904
55.0132735738549
56.2980590672213
34.4792384933974
44.2417914423788
38.9034840797173
90.2086071687363
63.6965042240897
76.423604359269
67.2264927798588
61.0390990243772
61.2587122138492
77.4495590779148
46.4873916881241
21.4248472456279
4.27082452387133
20.6532823007211
50.6030186189342
83.2841183371756
91.8155210460828
62.2132500576497
65.3649384618114
60.1603552485072
68.1632417685131
76.8094622258889
57.5053938453209
55.4256191525798
80.1160596456158
66.7981597566238
40.3142735123212
41.6344116498136
45.3717445548629
26.3932167797683
20.3933243823113
25.2716871759426
30.5543645947439
48.4884428266146
45.0339573207122
56.1357879164702
62.0909851987776
44.7012492334345
57.7717890814436
52.8598635256778
40.4748245600467
52.9156662660669
75.2266641895597
88.6431601892886
67.5129675474804
49.380154494641
78.9836788041673
55.7326312447994
55.484276781655
29.4057575294337
20.0324503860427
4.62533476572713
72.8274542475394
55.6014284060359
40.4006049787325
21.3807822927253
33.4944479406719
41.2575174689872
73.0266020260544
77.839767906292
88.451115754239
81.1327891580934
87.7733623504938
70.7555003865205
54.6867803810212
37.3656039639573
57.2790201865618
30.6038217607157
39.6841199605069
65.5125948485443
42.7482397217267
61.4457687112528
52.7807336445038
65.5092596661892
77.9717784451269
70.6863092601122
53.4756722798349
71.5213138695815
65.7909165909765
73.3030085157424
64.5005975264347
64.8019025324632
58.9110891390856
73.0704979188757
80.8475008094858
53.626091921184
60.4765101782825
45.410450742906
20.0003136875786
24.8903665873987
19.1457020653248
13.1200223931781
22.6587840770859
38.2017594819395
36.5676123823146
86.016397155765
79.6772741071347
96.3656921140328
76.8386102320079
82.2825038934859
82.0860540054947
76.8631154787506
77.1383287739671
91.6048976637329
89.9928827426677
83.8363222065123
58.6297629365594
48.0318732735151
88.7910515241462
76.6284174470435
85.8824898282316
80.4885442619901
86.2721288485364
76.9273215156273
73.7805101744157
77.1537105916617
74.3171449714895
61.7758709013419
52.4241891436452
60.1684655768072
71.8356647052082
78.3318148903966
88.4254584927952
62.0774522248703
51.9956600150405
44.6541284815893
52.802478544229
58.3868893610729
74.9485874812184
67.7265083502452
44.0083044358149
64.458082678257
45.565910938068
50.6149505013865
71.4012168367265
73.2077472287792
97.1940638583777
98.1618785383297
89.6932871878894
83.9775713485193
61.6103659814002
35.2771761697851
78.4768512638607
75.4904376873161
82.3810695483566
74.2749953065039
86.5531810740851
79.514261168469
50.8266705467257
58.8421604765339
65.1713756058389
80.1444332994836
57.7528758686558
50.2427139377469
56.6837779008219
59.9584447089479
51.3981853480701
40.4284535081857
5.80843726092234
19.4848424962533
29.4921942040941
74.2621908625468
65.8986672068688
64.9884997420636
59.8764461092522
52.1541403955303
41.9612977301153
63.3972558700404
51.5390537122054
50.3453822068448
55.7368409831347
80.0288656115216
75.7635466935336
91.181310691415
84.935903004073
87.1329780904424
89.9845227425574
36.9178992385267
85.7750002094573
88.3785534772974
93.9177417713019
99.3951310674644
67.5040102956655
65.9324015476575
33.8490616985027
38.8056276756603
36.1010302306532
58.2599663225071
83.2096444597281
46.5584621875827
41.9860297467293
70.9273755616459
32.0963673074279
19.6143638382778
6.35775397269752
4.20712250537252
44.1959091550564
74.1385101127887
68.2468051551185
65.2303653535215
44.9262988103032
80.5294544578205
56.5370231862262
57.0962897231037
66.5081525718299
68.347349600529
68.2278197030384
96.242995109117
110.836493001998
68.4686318413886
66.5859702962995
99.6844169716884
68.4617210567092
95.839486557887
59.1951772660481
71.7168895496899
64.4334005365421
67.6283693964369
65.1339186598266
60.7944850370203
62.9491102405405
69.4642976286332
52.5592730080468
51.3547864293772
83.8611920332395
84.6988947581763
37.4702106164348
25.1227232206578
9.39969406088272
17.4106139707031
31.029699140431
42.7439243643923
41.2343680545461
41.7799889883311
67.3071685229575
77.4391024297472
56.801151172265
79.5859940778031
98.0721559822024
90.876701765937
94.7433085182394
87.6506899363629
73.1850945016595
112.833143098018
71.8037910186965
50.9001095843443
64.362605416804
35.8914757335173
69.3709650937967
93.3257779804568
60.4544283817202
36.8473096253803
32.9041822206865
67.8173175524436
67.5430544356733
71.2098949788209
63.8956290706009
51.857798168648
91.2928077610635
36.8461311462169
9.49656871238436
8.63602531788452
17.7604985327154
34.0439856480777
30.1865826595343
53.0063520538478
65.6137953758256
40.3913456641891
83.961954921217
92.5795413076094
88.1143040078128
81.6760644974018
87.3837748955989
89.6398386712321
82.3279915639075
65.3283880960031
81.910635653313
65.9679436611021
51.5992311943233
56.5614930665779
49.2625813882901
60.3534984423114
62.9858803965821
38.4713896952482
79.7289118042975
82.6224310569387
59.8797160282095
56.9123169881215
67.1458008952084
83.7153242953442
63.5904708483433
17.7514462264024
4.042197345822
13.6360100774333
16.6695118480188
34.9681198652689
85.7000584357999
49.526757126031
78.3796083136568
70.631854319875
69.8235371221092
99.6039869572189
82.0327673836096
102.320925917226
98.72792196351
65.8577908375732
69.694397563825
77.1392069207519
43.5003763483059
52.9875321958819
64.3736046829212
96.0354661833548
71.8456011603612
49.9759066015754
77.8180841464143
79.4159000631107
71.2353323390999
61.3645880069599
50.0564975175253
68.5741308421476
27.7065729041682
2.57750872794228
9.30002508933115
12.4880516709693
23.0229990605866
40.4326878811117
79.8491179527228
63.400771066931
62.9464763175434
56.1702393127112
77.515575661597
73.05955305486
94.8182778434723
85.2575518712757
58.5079650105336
76.277241403471
117.823843734478
96.2866340955534
59.1347484973112
85.6193239357251
86.7446982662199
33.6676269070056
81.044253882746
53.2680321464026
72.0034455070516
59.8225829125039
55.2146732308624
23.3871513121222
4.66771749374168
4.71116338213257
6.02089777959344
10.0717693503678
38.6194410589579
102.281526658207
62.4623863865933
76.2425911922251
60.8636209677855
56.8375622050062
55.3299118852857
70.0015226550095
40.8558123742654
77.3044733435317
62.5689094330805
48.7460580204729
42.5350643402141
38.737308552173
36.088205006695
78.3250092771005
90.3135562130417
62.8499482522534
46.2739511529866
52.3656702259064
36.6730235114817
12.5009722631927
1.53883401870488
6.14333938020998
1.73157568123029
11.5758038993552
37.6477376666136
66.0553347050516
51.3747744403858
46.8205027672047
51.3645347134779
37.9844069051787
55.64018247683
86.1608909551994
67.8703613834226
48.3945176226934
33.5315885003681
23.6971715307138
18.4835303566695
27.3614758031639
28.6768668004372
40.8804410016131
43.5456723233102
40.2607742060507
48.0450082350302
21.8433250498049
12.1483382769157
1.96446330492587
7.01054751029062
7.59964548313624
5.93783943279812
13.9143515466922
49.4002486613444
36.7850031078808
32.3366339258653
22.4096729263355
24.443468867534
55.7534190015379
68.7947346118998
48.7119657197588
26.0093124560616
18.047363226165
17.7434754898156
8.50861876261999
5.77636435590379
9.34372732327794
19.1752957135186
11.897448673851
6.82002059213728
10.3398934716223
10.1113769713962
2.0127965812035
3.66130898212551
2.00827908055873
8.20793191305534
7.8360420777358
13.4610424052124
16.3647623939164
21.8830886888011
25.7716154108491
37.1518026184935
20.2312516557256
8.49450208611174
4.46664688677799
4.4821452282988
2.83636274571593
1.90923305135979
3.83395029267097
6.0802897641189
3.29698393142194
4.93252982393061
3.76324764710645
4.42527115008979
2.68961552560183
3.27995029484881
3.72091002344968
5.33640910002625
4.65516796292306
15.2852576428765
9.48848808658386
11.4556232814371
6.75053522138242
2.90320316087209
1.37668560480847
3.65687430924884
5.96418851583916
4.99609419942318
11.533020481603
7.32940283031407
1.27015082984313
4.01700406682143
6.85783244627173
6.38711528284224
7.65724190882272
5.35273429503962
3.53462102367083
2.82256118816874
4.61168548388947
3.76370621462041
8.34834153491143
8.29289791219147
5.33265551395802
3.28216370350879
4.58407967643677
12.9986532443773
10.1503972252746
6.41476313769304
4.90600869763542
2.43440655564512
5.39655978201413
8.4109797691236
7.74173913521097
3.25201371773025
5.8014946973326
11.988503060938
9.96325231255427
6.63974792978967
1.59407687582698
3.44036029477219
5.48545608797288
10.767768251797
32.8969259201958
47.9103287066586
44.020914131034
52.3278801517441
21.0683941846337
8.9108378196975
3.11672856631622
9.32423331527503
26.1040464356107
34.2218436562971
60.5386731767573
65.0609189831316
49.6915877369357
32.4056097092083
7.26548142961292
7.44118879271134
23.2641061470637
39.0498570927762
44.9888109287983
74.3007776242142
70.6395786620944
90.1117914104965
93.0853328252375
42.2588178957336
45.3590663689448
15.0325846598022
13.2192578738228
5.14542332747027
42.2620332128806
68.3714973369256
70.1324843509864
87.0960863651122
57.9070839363415
41.3090529232994
73.1221690045842
23.7364101670961
6.19203035388522
61.1953685530718
76.4145238822953
96.1374947428059
57.523666356194
93.0747801261966
115.029164770609
93.6710550504319
82.0473704933378
81.6603737719312
52.2065858375494
43.436669868306
41.9916375490654
4.60216057627148
6.17849780428387
41.3260876683696
77.6834396095023
79.2658544040964
82.859573134003
54.6235362363477
61.9930927621934
97.1535368106998
90.6828595653107
49.3495680105758
22.6016543837346
87.9506721629849
105.46446642244
114.012518998478
87.1541728602288
94.1038587415172
134.811869053648
54.6039573770516
85.8512659453879
63.2109558680013
59.9614870866586
73.4897964484303
74.0617037292922
29.5818376607521
24.5471684300803
21.3481687977617
60.8911463163753
90.9505711920847
70.2318268288569
104.807331297435
101.348657696082
72.7127554182847
111.130457599417
79.9821416393833
83.9279941091882
57.538172568894
57.1686277057538
72.0602176479287
39.7444999048735
43.6927582092922
132.261119470617
101.534230495354
63.3795045374747
62.914481450977
79.7770572465434
118.369558354743
99.3865869320492
61.3590882570847
62.7089808876968
119.8892961628
56.2108364141158
15.1687735313746
19.9290047917747
73.8234738285454
150.200106128256
72.8443829836527
84.0254246800469
107.792212951874
82.0520468979887
96.9395580040573
117.70226981397
104.574034433489
98.0618050674712
89.884401342188
78.6386288866863
63.2785764967214
59.5965411906906
38.2275408028721
80.9961543179247
94.774884508185
84.4404071323719
79.5822432886461
41.6019738417067
41.3017637893698
45.3043678316707
24.1233440081242
79.2273955648256
131.480610145211
80.2191002041483
24.0385188959202
4.57768261142267
8.54175834576388
84.3438143777821
92.2914733465839
129.602058526495
50.3761367127618
73.3850765485112
103.49698829345
95.0614553489926
128.281798260921
75.1999370447654
93.8076996564818
108.130560311504
95.9862641251862
73.9553747769142
62.2177224196168
89.1478513140915
87.4939227843466
77.3963609954862
90.2652437120687
107.680579794136
66.1101037921997
49.4773657910035
60.0236611178801
36.084308535013
83.6710192883703
139.740318918255
69.7188083990328
50.3371161504523
74.5883054075354
27.5445161600734
9.76416219119697
3.8099306431315
59.6236908632204
142.384402525562
116.402158330864
156.074688570928
87.2465509942329
101.053565984411
85.4919943550635
127.484326175564
135.003123635781
71.1808604072152
98.6208403908101
112.142312949488
92.4888678601778
25.3109594955526
33.1496714141395
115.241386426117
76.1097243750682
44.1747783040594
42.8717315876925
93.763276905617
109.278586153789
102.128827753992
144.062860401886
121.052795559645
117.995312788679
71.4967834824475
56.5107480263895
86.9490538462049
92.4442915206537
43.6630637093275
4.76914571679813
5.22685966420464
18.5629239802639
62.1173728248366
113.439147606735
117.832987854665
126.466244818599
79.6864725744817
68.4595087760712
96.0044005278765
130.808377309014
93.6160858506881
59.5162919048966
114.97592096642
49.9572120993176
51.5170761633198
41.8033795655116
57.7630139568967
87.0279708993593
66.6928838605574
74.0115703449693
65.0416113024007
92.2864700518982
94.9961432047757
125.143102346503
106.538269192225
111.75806159039
124.205388570259
67.2249716505639
102.046472326761
73.897565278593
108.5270669415
63.9089923625157
16.8505350494652
10.5610260977557
35.0280531714162
93.7217414785749
76.7846801421153
87.7475714025218
80.7787061234242
91.100704840842
79.971497611716
87.1510467353152
110.224506534791
125.535053853703
70.0498335731977
62.2203401592931
97.8189886123901
75.8330605894579
38.9720267758681
24.8749097863095
56.1066014183407
90.5686399338968
46.777829205999
71.2003496168966
61.9297566888837
100.81942584945
97.0935983430707
112.668337093928
95.8828945917117
112.579162741759
112.379301159563
82.9993146050585
86.1360166913268
125.911567096137
104.489641473661
105.8899044584
36.3297616931904
3.13146210764887
9.89940513254391
65.7467664578057
105.84484865993
104.480396547199
108.922636790853
114.223551306205
107.806258845289
92.4761954569344
71.8026760929378
85.8542469580892
131.807250418838
76.0978952817051
121.17879419787
80.8980939450316
53.0285894126386
61.8362222232885
51.7897358036869
69.3330159229375
102.096010404224
74.2503280523676
63.5210568044691
63.736614447256
113.335688017417
95.9249779611459
101.647747103568
103.096635494537
91.0830238306269
99.1754659696417
111.519893753225
72.3530014230493
94.7788149127832
111.219568750071
61.1515945880317
53.7988454749679
16.8413711482951
17.6943248179077
33.7164071219856
86.6420768913469
63.7625247444145
72.3080978324524
69.1179868190706
59.2533271943512
95.0315607717584
98.3625271949934
106.295054834278
89.1661652460999
96.2835785231293
100.80925100244
106.615412574429
73.17976159331
76.4365639364465
106.964760965182
52.8126501051175
62.2807672630111
79.2293802269024
95.2123032240515
88.4412952622937
86.7615772408481
122.692936538051
115.983731720796
91.3555343087525
98.2622349665861
100.155409586165
116.007739391408
122.212880553899
97.9168494625277
74.2731883792442
84.2391004832246
43.9966515701362
63.903482362086
71.1245985495206
8.29830286558755
7.43408040832928
51.0939346862276
127.767690561964
108.653210562933
94.9466694554321
42.5731175163716
31.2591606091261
131.292716409868
119.170016856391
112.1190470978
114.489258236947
95.773742192284
75.0462325110119
73.9294160867621
80.6638420279721
99.6828082476298
95.166651589343
46.013247183831
68.0780647300165
79.179545095437
81.9881705986999
92.3926226561648
101.597846756712
97.9189789858829
102.727062836724
104.72565921445
107.354375354812
112.715771360357
128.405944839274
116.320637267399
48.6459257532564
25.0865316488989
39.938687746512
64.9769596395686
78.5556379843185
93.3091765847609
45.6621959407383
21.4114971586638
18.6089586310183
56.963520936051
54.4978508768699
76.2851822996557
135.60569774261
54.5331363162526
80.9361985483816
133.412295152906
113.431766117977
84.8629917714606
86.0792536101901
87.8254472027011
99.3018395050959
85.1246279985874
72.3823270436276
77.5135431806573
83.6972238738707
73.2149741224425
62.7951208176758
79.6940010741669
81.79179115224
88.4418007010741
97.8515817947637
96.2709915381775
105.329328838083
103.118248227493
110.431634795172
100.681001292502
103.897471389932
97.422070549519
41.9767855907204
77.9651664094487
60.8984674660899
100.926471261237
96.547668520334
119.84267339893
26.7551630951836
20.2500574321539
83.963851768101
73.2817982708833
35.0217806668102
64.8909361193431
114.969063480391
110.141042769626
105.845340977594
79.3733433865229
73.0177540967192
54.1653082300811
68.9173738449549
60.553613658568
76.5496828046455
78.9673929628017
62.388369958532
70.740983089348
77.184325876334
62.7948628596175
83.8681833800208
72.441176404325
85.2495250915567
85.5597998127042
93.6045670302611
99.9782093628811
108.051734189181
106.573919819813
104.725678942549
113.804299827466
91.161029676027
61.703555052818
77.2570748394362
82.2744531455835
67.9461257481402
88.9694429347303
112.152753627244
73.7416828052328
5.04443376461588
27.0742362917639
13.3199130542133
37.651131662043
41.0393648022856
54.3685283035606
112.295707164681
101.429706166229
52.3895110404547
71.3235626985286
72.9462103916766
91.4916433742148
51.973785990303
46.4595035468285
40.5266651209164
60.4849709740276
49.499410696339
55.5530914097781
46.1409804894277
49.7592076353903
50.0079019764645
49.0948960148528
56.7998644637919
73.1736093796297
75.7593879613772
85.0157371869781
79.812481988014
92.5987389174673
106.284492745441
92.1867863501054
80.1963459110477
95.2910081062879
93.9038114112987
75.9843227881982
91.9743528390061
75.6582166205066
95.964254782644
93.4107489444404
102.462754688018
93.4489671861426
68.1767172240165
9.69152746154638
19.2219383897977
78.3186641054809
99.1252147843244
85.4030103229823
74.883168885775
92.6148767448034
68.0020112929929
95.4241247960639
95.3452436850171
73.0721632266685
52.9388362035499
45.2534161286223
41.4521835981344
57.2876082728078
53.6629213014658
60.9926002414886
73.6731577764531
73.7796652371691
61.4941335642049
40.4209730207885
36.6445391757313
57.0855944704311
77.1540049229516
75.4343858315301
84.8646222114803
81.3375050142601
88.7522458729793
83.7975722158642
94.7713738379266
90.3118984785661
107.385510460302
91.9160298780414
103.32712741173
86.8268978321257
82.9194217786777
73.0015561597545
64.9174395219171
44.1983838416051
36.2987836493725
13.2919085584072
58.0654304849135
141.656182778096
138.65901548242
76.794236888871
80.2674618237874
86.75135922378
97.8119036713458
72.5666851809688
85.0081233373289
76.2347985834968
50.7436296182546
63.6951444098893
76.3590353515923
69.74176478502
72.488750392931
75.2880265242169
59.001337414914
44.5260323672983
24.9358211924571
24.3149263347881
54.1830111450271
74.4625833180884
74.9832843864449
85.2742894209869
70.694734593452
79.4131620867564
87.8114213728994
92.1695808495988
86.0644033790508
56.7540538847976
63.4145293710515
74.2684661940367
75.0332486165199
40.62876263892
35.1594265111481
43.3441799484292
62.0586544284017
38.6197783559814
5.66362552548762
27.255117563843
11.4652078800342
70.4994057647659
130.301938798369
92.1691187364592
105.65263250754
106.249546602063
119.689739741387
108.103525957213
106.813360115951
104.947973296299
92.9327431629519
74.7617765311524
73.1916911210856
68.3509851803207
51.1627948691234
67.9335443943387
77.8659766560748
52.4149975058991
37.9407003589288
19.8280800705029
23.8608599098371
60.2627475284964
66.6724195262087
68.8109891527248
45.6312918311264
45.153491406736
88.4795765514335
95.8325889420431
89.6783489521225
91.6147388157174
58.483475846575
56.7517801760759
69.6207712779174
75.4997114865688
63.9265438260251
40.2235447730294
47.2296836351472
100.458255041473
72.0898151738054
8.77166464082189
13.4820405000768
18.193643886775
71.0861932208043
68.2060744312046
75.618524849303
48.3718162247649
64.0167740629381
66.8947572231621
83.9233762669056
91.6395276433785
90.0876221119824
84.5489685478972
88.6537643865132
81.9577599123059
63.7329302421904
47.6865570493541
59.6002333301385
56.1667922630745
63.3838714437189
60.3884502233988
37.5062866882606
23.3194041655143
56.9219913217094
62.7388106996221
64.6360704879612
53.3030628489969
81.985481751132
80.9483608784856
82.759757128446
90.3277024189123
81.4886288940411
81.3692514001751
79.6028553099082
79.0769055409142
69.4210831861369
71.895800168337
22.9995361665397
19.2252117507106
58.4252898549762
65.2875476300941
25.8430388208998
5.52283203328978
25.5792928007704
82.9975203734898
50.2044301475967
101.510770363153
90.6602667643195
45.8951133875632
33.7816068748372
49.6977584020744
76.8533697693356
71.5835109082859
87.3003889206889
78.9983934546895
76.5741135942247
73.5295522075736
50.2611800454047
41.1303337304218
56.2335951056636
62.566109681972
59.6676522380729
59.7033183086377
41.2859896358241
66.299157392785
62.7546714673738
61.6234566187397
42.8889249176676
56.8411902422421
72.9845657115901
94.2225371861358
94.4701826240757
66.6996369514514
82.7656400535569
69.6682633197627
82.1008971243654
76.7759093198201
66.0701131008277
79.8681109247558
94.3931978992223
46.7884583373583
24.5976139360291
9.97942744116068
11.264171226746
14.3257283525975
77.334576467873
78.463132638612
71.163788383366
88.6293843458386
80.005209711597
82.6412308219467
106.563233464045
98.3453783643845
61.1767029170031
72.1128807950363
74.8397970154861
82.8275250560318
77.8911526180415
55.445631805378
67.8531343937414
39.4695382223869
56.5787112069072
70.5566480532546
56.2952326260626
40.8904120655484
66.4712876563923
55.0952154115023
44.9103632688104
22.7773838645362
73.4764997422101
82.5441008912521
89.0580595746253
98.7169587658251
79.7769070585309
79.3896816275461
75.6041220410259
49.2400820823957
47.3815056520632
38.5000745882872
76.447851174045
77.0427996459094
26.7553959908237
13.5404597585822
9.5032050872855
24.9792114557356
5.61496111992058
71.0909857101278
120.401769335322
98.1680388621743
94.3421005858612
108.922443443163
117.0056370436
100.81626307698
69.9863077518951
54.9517492851716
81.0478871006
88.0005655685073
86.8536626810937
83.1936325829076
82.1299581196208
36.3231251706812
50.3989069130004
42.1142511639923
67.6576549920152
54.1459548825671
46.1393116111305
61.002547431403
48.6225730675364
26.8815045664469
25.649050153146
69.7253430297033
64.3108256431725
79.9275184401153
97.3676299201175
78.0879584951566
73.8004272864036
83.5599155070867
74.7625620857919
80.2160398029075
53.0421379654689
56.3076995128299
73.2052457645096
59.4838209881879
18.5156612672009
1.3245028371108
5.90881979516758
34.806512364421
44.7809402340383
84.7102614078214
134.308051219316
91.3792641621735
92.3894880231663
90.8083917589748
87.5894242703279
82.4973503089247
78.2882174389812
88.012254597965
84.1745887057091
65.4787287395997
48.8180809058952
33.379908465719
23.4927803701196
47.5416032038156
62.4672016482293
59.8853145073423
69.4089860426104
46.5346732349887
55.2715078787863
23.7398603868446
62.1073370176243
67.923525780729
71.7123082745668
75.5733027656092
79.7219159343099
66.7228648178654
52.0402703032122
40.3000218638153
87.9384565306371
75.1322069809305
80.9278529668778
63.6731179888459
113.829807123238
73.39870300286
36.3085725034618
24.8765763433878
5.07527930756982
38.0300023699788
61.1196858858152
74.6007782324489
67.360915999034
90.9772686292239
93.0246881946606
92.5026823126079
91.6080585692304
68.7023456050078
86.6524518193915
82.6671356163697
65.0039028031664
76.2875914312598
67.3987776542371
52.4192512630677
31.8636983014791
36.3586251128632
55.6144907814725
67.3662015747331
63.7948123013054
34.338362476418
44.6622450084134
44.1897311263108
86.5230331456045
76.826272498449
75.2999407075531
77.7612273431622
90.5605619070614
79.0435656873974
73.2014083222267
72.8307721052026
66.4786378094371
50.1943012014186
38.0396688859141
44.9698786861151
96.2361311475318
44.1258024544684
28.5767352448758
18.9256051345666
26.0322935681015
25.8183288853363
100.011696327621
71.8233015795731
77.6634848799262
103.552583492647
94.6588008564528
90.2129958614007
91.9780925867696
77.9656670773617
78.7635709640093
78.9509039315279
88.8737775597814
90.3297974691421
87.8674962421271
75.0853505049803
52.2135460698519
67.3932583483252
34.3856668224073
36.2441231758319
50.9482361132898
54.7895750150276
40.6546209918279
34.5550797145851
62.0632879543767
50.8699625439796
48.9253288766771
67.5220922906928
63.5048052777727
89.773037586152
69.9853886060544
86.401341680168
76.4480100012764
73.4573159933832
58.9829604823879
29.0617980564157
23.6254130489885
32.8833182190868
50.0905877568114
34.595247093513
11.4043582957344
21.4956876522446
65.9726230022283
110.165012168685
104.97310514804
55.8370161751967
64.1737288058066
104.600929705656
77.589084796095
87.0235533723346
74.1747171608049
86.6644677720041
88.7246580319148
98.2412141798705
70.720746016935
73.1090979103164
57.2586339890985
77.7382921840837
26.9557351395165
28.7535592875508
45.1471174853875
53.5004162905363
32.5020452938674
26.8241289679612
35.0664400461581
35.7308063255528
40.5459512867108
68.9229161438488
76.2743712237177
85.9058654766606
69.5034312620568
66.9665708502012
59.8665317178479
63.9286057475487
79.2789866317283
94.4562354892004
62.6838315910188
54.1160544944542
71.3696383946351
44.9526630306021
1.78087612570043
6.59487350590007
57.2838680127587
79.6711066353315
59.0046689055752
34.3512981989945
65.7093334690458
98.1310424035965
113.150484497555
78.0879197663588
64.9148929674887
80.3451836396308
90.7445662009259
93.5060079598723
90.1103855585702
72.9439761634365
89.9995050232796
81.8219801961091
40.1914177556998
41.6886532644988
54.1388143935033
59.9735536171803
54.9965785731874
32.7768020934592
50.2785851623214
38.5136493436937
39.2670964761246
49.2666387858552
54.9382144656596
47.6988600761361
43.2115724080989
51.1866513230094
59.0933390868078
78.3244900418092
58.4757891721341
90.7864893807356
67.8203633409306
67.615955415921
90.2975685041812
32.1799975639278
3.22762621319595
3.71093538600216
60.7382009358343
59.2232338879568
79.6117569010816
82.8793827046822
120.422844771691
95.9536857486977
89.5703308766458
85.8127380403414
53.3499139015787
71.6908951361092
49.3499213755268
55.0965967878452
63.173011257456
59.0303411147566
56.9466118688567
47.7865727989097
42.3250586408653
36.917211158393
44.5595099937021
49.4902157816167
42.19054728902
49.8793597401297
51.8608050364274
40.4639675350954
43.9038697488338
41.5969671671509
36.9779245882268
32.6508542741334
27.3889742591345
33.9615006269974
44.9734669454204
71.1204312097886
60.5744893792029
44.1629868178691
59.7236378551107
88.0072149553085
81.8583449051519
24.5613145515931
7.8970774108965
30.2408968710029
50.459789099997
101.581474490328
105.213538582252
104.833818440469
81.9481269426392
71.0454236545901
62.1384459738567
62.4331329334274
55.505317104868
46.5838859344561
52.5224756906766
65.8343421502347
61.3320275643872
43.3102078451753
45.3300152335956
60.0882731233019
46.4147280721286
45.8904188128694
39.6763078797115
44.3133347041564
41.294641474096
59.2485654339454
48.4494635500579
33.7649745819018
61.270949325883
59.6445637043238
56.5117944158702
48.3768098608381
51.3049584010477
39.8286306193161
57.6476284532113
65.9476655114733
48.3257293656205
49.7149031073096
35.833748805671
27.7232901330911
9.64967143657736
11.9686350135262
27.4434469688409
43.575372347679
93.7999451341309
96.9454461177442
84.7705368936633
72.9957769908912
62.4975439277459
40.653138268625
37.324441152734
40.5474770660012
47.7324111969352
56.765466178125
79.3091621354346
50.1061768976619
41.5220372428444
61.8060291052324
53.852937802621
30.7293899942399
44.3588374753935
26.7046187094091
35.1155209231177
35.3335151838726
57.8283914074612
44.4645229065758
47.1013094941207
62.2627656320726
57.6354481190599
39.9971121068535
72.2027298144744
61.6129508216794
60.5629272421091
50.1189867532227
57.9579780631561
57.1362586079948
49.8366337129634
24.0839934026324
11.9672834654011
15.1777123189902
34.5982055426303
73.3590375904633
92.2227917796963
61.0592495203765
102.309255569451
78.3362223971902
56.3362221509887
38.2205542814673
45.5802513027912
46.3770993490959
73.5790589488819
59.9585922267958
72.0398106071902
81.7282383003497
55.3911728795878
40.3179832973388
46.341491772768
26.2861244202739
31.9444086188709
40.295253273691
60.3466850816021
60.0853009500729
55.079712373399
57.9250394791173
56.6912465008393
63.1826214648488
84.2024626791891
72.6511955334639
91.9723001614389
93.0832119026379
59.3003187012208
69.1240973760526
55.6276296027693
59.7211321256899
51.2715053539144
19.1514438991192
18.6973403476524
8.80433993697007
42.6962270198554
50.26003153925
40.3994103569264
47.7584984170784
80.4497385519312
52.4703405441275
70.4236581218851
49.2125274712203
81.531737127369
78.5789830635624
81.515950349777
67.1955088144711
96.0238513330813
51.5471413821828
67.7050339299665
73.2424306728701
41.7832605550645
66.7634701189336
51.0201101353406
76.6742641107644
59.9254932955357
80.68028742809
81.6978664844204
83.4616756860044
70.2351981120767
80.189419236817
97.7311292687286
79.2470999962953
93.6693688553608
63.3242789279236
62.1183305916082
86.4836170042326
56.4743618523554
50.9100468517086
55.681483862198
29.1505039664743
18.9718873539459
23.3052206698489
38.3295883274732
63.4061575950142
58.7278517378633
45.5617938037375
72.065771073719
88.1071210050743
80.0042422078204
84.3025768514484
68.8373593635338
79.5893983430036
80.0652271792874
73.9601751800188
85.945103395518
61.5574687483289
72.7981358902407
87.062376384871
69.2749479248522
87.5907946658315
70.0443413918254
79.2722885223438
78.8904135830208
97.063655007265
78.3175478067896
68.4189885469695
77.152853926154
73.2576463013698
76.6318439164886
67.7613913245336
41.594683623343
40.0695193069251
82.3414533158952
57.0713986201533
48.0186294171743
13.6553364842211
32.5823050211268
44.2482839683748
57.5968177122745
43.6588498978413
56.4490438859912
76.1802235834478
57.7139216006668
67.9799109159046
51.3231316719117
52.0278458916649
78.5960720617279
74.0310778700316
97.9490552111103
106.939986842467
82.3872966850846
85.5962507040944
63.7661505323559
41.5278047052409
83.3631415952104
84.5037028097976
120.7608879225
110.976472039102
95.9927272635209
71.2115360759879
46.4502963792397
71.9221861621758
68.9289423141953
70.7610522524098
69.0252949922752
40.502943834031
23.5085212110901
21.719823813138
25.8242387099403
20.2705543527119
18.4149338546282
56.2105047794594
67.4425299671097
56.5970986444515
62.859981503874
36.1430029683209
50.4096454548238
78.0066578833241
64.273078909626
64.5572567084569
58.0225110194888
71.2311011482979
88.6873361778894
85.7533951372607
79.8986749136696
101.444166571674
117.588785868485
62.5004313859422
72.5191649076167
84.9896666189005
87.2342443978639
86.1178726330498
69.8106901713688
57.6881196553103
40.7776401477012
48.3390253644291
66.8617730387501
67.7523990088337
95.9296841507531
68.1876241242729
32.4357778660954
19.7926943849155
13.7203781280331
8.94927034306657
21.0286570738836
49.1273507182893
34.9353776310713
22.7812413680582
31.3233613272226
87.9263595428805
61.6951829281055
78.5379268234716
53.5341798042189
76.5696609904265
59.2603182078455
88.5475623837528
90.0833371674639
68.316378083337
62.0130536979588
76.5654918348638
47.1501075307298
73.500177774652
92.8349518242618
79.6579071774322
93.9039389250177
60.7025562868031
62.7892313199082
62.4164877460232
57.3245867124032
65.3561446735275
69.526587402287
82.0183689863192
78.7237403609082
45.7367695219645
21.7350943757374
9.67507173916366
11.4596014759457
9.05328099058232
23.8068646463973
13.7565646740917
17.1687524098169
46.303263350677
62.4363399804677
71.4768161710905
54.8287105869958
81.041837007271
84.3435335520042
79.2532682742334
84.8592584474009
76.3110471299034
110.420955867989
83.3942052126749
62.2126747994889
49.5127598117342
83.5501669953193
55.1538500511342
86.3411927987419
91.4262351804023
57.8136903509501
50.60665863932
46.2825321025185
72.948470702342
66.9473325017937
84.0513792559428
80.1746894359963
68.6067507204415
40.019205044177
14.6584882141303
3.65644247101121
3.79555439586612
12.8083218930226
6.93375300734333
20.3308172974137
68.8940658221631
76.351941417715
44.4976527578377
84.4497214567071
106.634408367212
83.1701687006338
63.7163352222549
99.0265970928153
94.3041880692578
74.6983737328175
58.7557859520041
91.4954726118173
53.6752662147622
35.578846580054
63.1041943949052
83.0506304012215
80.0710181246427
58.983232482058
58.2149992967333
55.024798280135
101.447167588545
67.5363354875045
65.7965852748156
69.5232364393804
74.4541197306811
23.8629774950262
5.8344655921643
1.5135406786878
8.43134451409693
42.1587699210999
80.5342163458154
43.4444916967307
81.7537669124783
78.7480219785966
86.5409017843573
72.3852788271688
87.5229713229842
89.6766453927014
89.4774937337636
46.4558785250507
89.3539168571825
72.5758954892449
35.6485618327969
68.9099604252132
86.5940316295603
58.1080480231776
66.0246164158376
64.0178939915403
82.931739360642
80.9350391659714
82.4515239502388
53.4648660087922
60.8563362952107
24.7982489093135
11.3804580811863
5.10758216474125
3.42229852366718
10.4402661848604
80.5954758747768
102.305181805021
51.1893843164417
98.6808427786165
74.2563022797291
64.7698779968054
71.6749695776834
67.7504861492391
95.9604272178118
75.2793071366318
109.683741713847
74.251392209917
56.3270551210569
42.2604687934673
88.0423517568875
91.8386980045835
63.9481130215376
50.1043375685187
98.0434494272916
60.7617176956631
70.1398129935406
49.1924263730247
19.6977776403379
10.3681738231271
6.60494905752487
5.60380855670676
3.50228820443704
14.5921653624879
24.5174552398444
32.7871316513745
43.4743663230791
54.6970095860635
71.7053715126778
39.8300434911219
62.9610631538553
81.0271193135241
56.2985070352793
77.2639832582887
86.516696613253
79.9102274762076
65.8231592991789
53.4290745052222
45.4507175849058
58.4105130032538
66.3385744798734
62.6675505122249
113.842720975493
33.3519989565944
18.8036026663818
0.795286608731487
3.43440804647751
7.09920803279573
3.7355054189671
14.0208182692587
30.5499824211942
27.5976816708208
16.6398891046867
32.4623593236347
28.7114346372443
52.9112904906832
65.265097510667
68.6741951931579
69.9840769178341
57.2030210823399
46.5541732188394
32.2000691823666
23.1445467596774
24.4020886807754
48.6076061651182
45.5896523838003
40.5793924808463
30.5342793909179
12.9747203241294
0.923623617661457
8.0775862263671
4.01168571210608
9.6345237626295
6.36063050760865
19.2936034228397
17.3467406675274
6.73468380290788
13.5186515626475
16.0213952289868
37.7472128599185
44.225515190613
47.3857441069625
47.2587798155851
31.5418880333042
18.1819264231755
8.37306789501331
4.11432566070902
18.9055758235092
10.1648977210134
15.3671486777261
11.6754677081005
12.0589475354584
6.72836523097153
4.32398393975954
2.90862205339772
1.4446508477718
5.46934901545565
6.99163243907465
6.66327567279694
8.44940757612327
14.6855215271229
27.1522101559296
12.3894145965774
4.13668955600164
2.66756237590401
4.57793977478082
1.78280302613107
6.56656816914899
2.84510235905068
10.172668174135
6.95237517836101
4.35179862484372
2.74164364378267
3.94487794580857
6.94048736787413
6.46614898093692
10.226294686458
3.0716351619548
7.02897463922217
12.2028127831005
11.0990366752349
4.24454166296842
3.4039550868377
2.70289692051141
3.88872262634019
5.75583703882875
4.43309278645299
4.32549081733786
3.26379892747814
5.55658208256579
5.99173172654418
9.2479942284713
8.72448181777723
2.89394892593442
4.36161396262135
4.53618023098923
3.61231137695689
3.17625245990222
6.78539333345198
7.47682876885896
6.61347668607725
5.47030616475296
6.48994290193187
3.87607386178045
12.0783916132243
2.58008018056226
9.14329374455911
17.7939392221004
27.8697629821338
19.024483273426
19.5842163682077
9.74979655199561
4.23895836265934
14.2988986425596
35.4590156943449
33.7769065713533
14.0552247888186
13.260819186019
4.95380128998382
6.04642484323983
17.0056156758334
33.105759135527
60.8733510569741
67.8514478996435
48.5953026371585
106.429726680053
74.793392446655
80.0259245971502
38.9071867179463
9.70924635116853
7.7550636336681
17.1280418948286
44.7116687727909
102.092793480237
68.6171077542688
52.1557323226703
29.4098079459889
44.0580255451944
9.69505542207464
3.58055087882698
35.2442317793291
64.4065661184675
73.1509646984318
107.035151960187
119.843097308206
95.1910189542965
90.8519041089475
87.9845910358949
59.605258374038
42.2161229989379
35.0796795372099
31.0666808568202
2.60916218316751
6.33379866253042
5.03792158591179
7.31629498059066
21.7830089494807
90.6993692989111
81.7632519243434
101.071862241784
106.301153212909
62.7605692921474
68.513725388019
55.4169956882058
11.8676059741729
49.1671085300993
102.677034251314
117.724261944288
56.5642482916605
89.4721765298995
109.047387417256
82.2870747003646
43.4327184575404
39.0012098057092
38.3745288799918
34.5749947929803
82.2148329271816
23.2369061955525
1.39677383482317
5.14102174093
25.5925551497472
43.5024276189901
84.5728642056617
140.582978937989
103.561499767704
51.123248040642
129.535491302095
99.1859700935447
100.622437566341
117.269256763023
47.2214278925446
101.37495448245
69.8276070749906
114.52297153815
134.300391849554
114.234259387564
93.9627763893504
104.056069700636
75.5925621943094
122.55092595649
58.6505637401949
15.4282694919955
51.9483253022762
64.2723045804334
17.6051359197049
47.3018980325287
68.5194718366718
82.0798979292688
78.8030528760296
117.153448219183
56.3066513669767
53.5103297489255
105.63914482662
84.5426610108975
127.873228179667
92.6906682444154
94.9262170554108
107.732044438195
69.5878665469861
90.1870888746038
136.038749996351
134.195361326454
89.5181373479869
78.6147773253035
110.669187201276
74.3301689293575
35.935434061474
24.0447669527284
78.6268338837123
118.756654827284
33.8688212398755
9.688232998087
4.12599105534843
18.8301731577035
48.3287423056057
154.390934010907
100.836649239576
58.2017864803953
93.7073595880215
49.0350401460229
41.5368643694999
135.625629640909
73.569067446333
52.662428418058
77.4990706472166
120.580001797904
69.7640395589478
55.828393462791
115.180559132959
73.5154098937038
104.758127513252
139.821366693871
137.703197634131
97.1762937143325
72.203430568418
94.0788670139048
43.6110701983516
85.877870014464
85.0474400260238
78.1901302164805
61.6949259212597
25.8361179657707
11.6604624431006
7.8682927191528
30.3750160999362
95.4987800274421
118.401956008407
108.360858057997
67.0984885843611
70.3191852080735
47.4113871188943
114.996351165727
125.914820095096
29.8784839657632
87.3341181044431
93.2431414229022
81.0775142609871
53.3020165281159
26.1361119773082
52.8413491653401
103.961703127466
96.6409245207705
95.6275817590237
100.314053803283
60.5854278867988
62.3938169183859
94.7972628871934
107.911442819957
61.5689671380906
53.2969661635373
50.1831193669454
81.0267975753186
112.030318724073
35.3698875358986
8.25835996759474
2.41538919776946
16.2258831854774
50.8898758911263
96.8114367503501
118.40806177479
128.989820329639
84.2415429256344
72.3988541909407
93.9742991189599
129.726856329511
115.900433180641
21.8977929582392
59.9151372603541
96.1018810964552
53.1533483741885
30.0940519849094
33.5558681963321
34.9003845314749
47.6850947167513
88.1439183746233
83.200896417543
118.826837554594
80.9646995313877
119.108837792011
120.906316149222
95.8469695227954
87.7263080773475
77.8383512935601
80.0904158012119
84.2047312235914
111.214352400118
85.4031497129469
15.7415428052527
25.5800784459256
92.7702220061358
96.530340562926
99.0613853937895
94.0623282707385
119.199562453863
68.2971409430368
67.79983769315
117.654909606587
140.09732995438
108.734329933024
38.4265063240997
65.9407392505924
85.0437464725028
85.0698721399688
44.1529261045041
73.5355051975869
69.1225422262315
35.6526775142369
74.7080686925313
79.1153964964267
129.908621736407
113.295645826936
115.541575349837
86.4742651183811
79.2898938908666
112.472302926617
114.85894110675
98.7434952325161
104.373344027995
111.538948826303
52.5526020197838
15.8694095689803
4.67715149563284
48.6581184333034
86.4383843324315
95.0763187607248
111.99446751349
126.885914455819
117.646948464979
85.3380420822502
54.1854968147644
77.4142810376829
115.476661955599
90.4794543884632
102.233477615353
109.320134365843
66.5477458126744
76.4170987893971
80.1440250187126
65.2062858359479
106.896385582282
84.3531951877688
46.9356025353584
47.5529395455836
116.834623559719
108.457741458229
115.021509672104
67.0510918511362
58.7217394344008
64.7887201843409
92.2197839327189
90.6846698116809
78.7021885646887
105.955305325879
79.4470170540796
13.4132387306563
1.91594194507435
10.6483961536838
16.436168857021
121.496063936021
73.8049925020335
79.5598773968949
71.3616670834497
90.1070079154729
124.909763386794
109.318124359167
76.1220816245285
71.6526796277441
110.53946434962
106.354800982239
113.101123904699
105.213183979972
87.0760197770138
79.169490676409
94.1767780644086
70.1760951238388
112.315226077218
90.9116113498262
81.4643357199973
89.4955576777676
122.186885118366
117.689615447848
117.260223681202
85.397861359708
57.7253280549365
91.8384393693317
124.376944871143
131.765299050606
137.069499568344
55.8389739568836
31.0696717682157
39.8435123139063
17.8598414639355
7.92061650112743
10.405963427165
22.5559618902332
75.5558807025469
127.192063233511
105.962287838532
90.5303025532989
73.2649287762468
125.477917825079
117.54424223204
99.3987633519536
104.661416289049
104.045894965696
75.1713464372192
82.0123822298625
78.5193961490274
73.4133375848782
68.186350610762
55.198415506202
91.0965227657245
89.8875342164759
76.7024183489144
84.845696243775
105.987199414868
119.733954981412
110.699154522059
113.141740504249
99.6147212037324
102.111213979723
118.69360760484
118.931075222961
80.1387223872592
73.1351883337782
49.9351490383107
37.986234080075
43.4268555663183
67.521502220993
8.22063189098946
1.09714252149716
15.2297485529618
25.4261471967483
49.6740607811483
94.7060506703737
91.1121978831974
112.828982286314
125.048328987825
121.866625985833
106.269935075495
103.106154751611
106.024257028245
95.1393097895906
80.3621543755159
67.2628109304739
80.124888796765
90.6602253355695
71.3484650656716
85.6936407247378
91.5885953138209
70.0359113950974
59.8459944691065
84.9476425741894
120.899286278193
92.7055091229765
103.494686464695
103.852027476446
99.5113184796374
118.378939430689
104.314551370788
77.6033347907185
88.8376606821196
123.445987608243
78.9945260318145
75.4554540981269
137.856745739618
39.9542646739438
18.1052769891152
6.96539443980324
26.4628402343227
59.0862580133339
61.8226211659794
37.5369014087992
67.5104758335321
112.705720507569
84.431126760014
113.346568902961
106.812680108268
93.7621701639048
91.4083323121597
81.7897392796208
82.8999921213899
91.2127096204642
70.9412645390632
74.7176032915593
74.0136672258426
81.4233433278776
50.5370550278705
45.9719397655883
46.5262965834814
45.9840426097912
94.9838759752478
97.0851052614105
114.356763592554
99.3149502816232
94.199193570561
94.4816196962445
96.9598690886044
88.9339925655648
92.994479022864
102.715938517154
73.0881156729798
61.4446555726388
78.4117241131821
101.807493966105
61.6260510270365
11.587177415991
22.4948186417882
62.1232073447258
128.437704364598
130.649834985478
128.086510567414
70.4005746302848
69.5878369159736
99.6759319899808
103.852467534457
75.4927946542249
64.6880414478221
78.1728309875364
60.4826394041314
70.9528370326644
71.7573331546954
51.7879005477689
65.1405006532521
69.8862469457042
65.141377196516
39.8166351120193
37.9204473306576
63.156340782092
55.2081791022091
105.9884023556
88.204003104754
111.106905868323
88.5124885481739
93.9096943041124
81.8716810591184
80.258068385096
94.4202996800044
89.5469603465715
96.4027214237832
80.8744954076577
99.6364367294336
99.2953922788823
74.2841372832575
32.878418625457
6.329077663349
17.2519107879909
43.5819977874388
81.5915154940704
72.2827342952959
71.7686896693005
80.4880300948305
76.7250881311897
89.2931818523272
73.2201870287791
72.8600874217124
49.22254891483
52.8200796180209
62.7546207418333
60.7818396927591
58.7233303429244
69.5136879801912
48.4147363148268
68.147169512593
72.4783654117661
56.823451084084
73.8362726874973
57.751295130327
73.3700861145945
71.2544840051573
89.0960800021255
98.5765768856541
96.2736523598607
88.7790026102662
95.0746239185798
91.4437498857346
80.2691710902335
89.6480021416174
82.5860716827495
91.7948651931134
98.5427442150541
109.654351222848
41.0262795562416
22.8463997800623
17.2288041888332
0.976482332375071
16.5162940267495
41.3656559586058
79.0495235323952
125.667638032904
67.7683341830329
73.222381649303
82.1479647343219
84.4524569933258
59.4737837786608
66.7324300720447
49.8361597573822
61.9182837389432
64.4986688862798
65.9271262616005
72.6824769443764
76.7456858786025
61.7207396588648
68.0035079403856
59.6946635331048
44.0015545867031
57.9197348465449
75.0203725563692
64.1000709982855
93.9498881054902
96.2725137775325
92.6338680163137
100.800435411999
91.2012530304318
88.9857655971697
98.3873970079915
78.1166487896867
85.8609486777801
66.326047799661
93.6219135232833
95.0434201943181
98.4353242152994
74.4757971549608
41.4797842037565
15.3465214108871
35.4944967218736
13.6678795937559
67.5762510991138
108.156053437658
69.3737248283306
43.6368678126884
95.0263241202838
79.2548224539091
100.050897696212
91.6865749487957
90.1941008260482
71.4239433789812
78.4414438974769
64.0781813185117
79.9471014662847
69.7240608268972
58.4473138834551
76.586869073412
78.4723562711911
75.6869306828641
66.0706379987484
66.4970720755491
84.9624478045745
86.6678502303591
88.4607533377213
75.318376758479
61.5734658575417
85.6008155218716
85.0576497802504
68.9428155359477
85.089482661512
58.269672487727
23.9638623614418
49.2776566388901
87.4769568944765
102.930882918349
68.4193493895816
104.789217594756
89.4732597170416
43.8889323315345
6.2795771710891
15.5149697973509
51.8211956770608
28.3259645463517
15.9734300282775
11.634064142474
12.8176918318339
96.124813118975
100.011121137218
93.1572876231138
75.0603773125311
86.4907531194969
83.8627596108279
74.8596745941417
88.0840055265513
65.164491085424
71.4237235800302
69.7790683709145
62.9910701701764
63.6457558571202
59.4881367218599
54.9917708818162
58.4727153584332
50.9901595043525
77.4628386759005
68.1132241567764
57.1313438321738
79.6732485866
87.8131624303028
78.8860726145712
86.2965875866429
79.5286455512266
28.7689893444048
18.692184124043
48.108894233938
75.0013265289904
80.0873878343818
42.4760877065394
18.4961624272237
17.8686658539427
4.53599227556576
8.03399516889151
13.376493518335
40.2186742364424
17.2202199847982
53.7173391755434
49.532887080151
9.46172824103218
24.2875414673528
74.472792793014
68.7778996103269
88.3892973526414
90.9757711956553
84.9674670017547
74.8311659495559
71.0867505410181
59.5455692050765
57.3350379743156
65.8681303423267
53.8071807793522
55.4089881093141
30.4230637440332
22.3708040797445
63.6017653987926
52.9057571292987
77.2670674232126
56.5853716763899
56.9392118044787
86.2595263020296
84.1269789017053
93.651752813012
73.2747960658107
78.9754461554623
81.8937853945114
79.6191031451597
60.8304396677626
83.369627864629
76.984786439063
98.2906024139459
50.4169356554055
14.9889691173211
8.51997414528554
13.1207092457037
55.5597151710287
48.741348169863
59.9153983662299
93.6991220304167
67.5129306818641
72.2979243434048
80.0154397607487
86.5249871594592
74.0859053082931
85.3183063846414
85.1341599828952
79.9679610755984
72.3709448745126
70.1500537914901
55.1203310114309
54.7584936184208
50.1696573593283
61.5051888154462
25.8810618699907
16.8053504690026
61.5988821176188
54.134067919557
59.7140479677505
61.3058532808716
57.4237059165136
80.991083437649
79.1314686404972
89.25127159364
77.8138699417756
72.261084517148
71.9028361047136
62.2823111689215
61.2372337201155
63.2072551884266
71.9662130137274
81.7542790763985
74.2126579504745
31.2749668501523
8.43155828278909
2.91291143754511
5.44280107221003
81.5785279419439
116.229920812998
91.6491312170294
80.9273542909822
102.619914336468
92.7627666866534
89.9635860657709
85.838727962612
76.4755842887027
102.052205755419
82.3067947690477
83.2233671986495
85.2126437644923
66.6390208238256
42.5354503315794
65.6269736163144
42.3034814559911
45.6990367190921
28.7704181480667
23.1000718080372
31.0760810234257
50.9774260801376
50.6227790365509
58.9529737743421
66.2399589050271
83.7396158693396
81.9308155595424
84.8558567508709
88.7800630792757
71.7399259847692
80.4435633392071
79.369160667124
80.1906474649853
61.0566671182907
67.070222615425
86.9992310086659
71.532363294061
33.9922390432822
9.91327730882806
6.98105817559993
69.0203464798007
74.0428059309762
86.3992237723204
85.5357237959778
75.0981893905116
88.9658886018757
79.734209610934
86.0692371470891
82.1125133487847
88.3162465070633
85.8513202592369
95.1532304436063
81.9457618830943
48.7485552531871
46.5219945502883
41.7619503259649
57.4152115069895
42.0028895234064
31.692231046882
35.6159509285537
38.3702539662536
59.9686685993868
46.9495862837505
51.8476444900506
70.1225675142936
83.9652533233914
79.135500122436
90.5063435647802
80.9245902682409
61.8970922988476
82.812248632689
75.9195659107396
56.2838008992215
74.0384317285026
63.4594107492909
64.4130880639587
56.2242142214394
38.4345415932527
8.59636854076952
17.4999175669271
22.2718855194361
85.1238390468375
52.599551296767
108.756289018899
99.8854492570847
99.2588938111379
89.0698746486198
84.3506681775159
79.4909400982277
93.2441297725334
89.0259647818966
88.0114734459037
78.6410237662177
61.6369955768323
53.0053056984942
45.5522669538686
39.4533828953853
60.559672584328
48.6779076777739
48.6660134065471
49.2854075588541
46.1470211524411
56.7098724634925
44.7250840936344
52.4827485696931
56.6002482050925
72.3721615760422
81.2576243106571
83.9862093676596
77.568456151427
65.8194709982025
70.5153056723868
66.5013294939925
35.3522227452368
41.338506937374
83.2612077104289
70.9489544406136
51.7266386240588
43.2152061965494
10.4703332820615
12.3490248824411
25.6098182848707
77.0212345947185
85.3162290538663
82.9898985519097
106.753699736333
86.9352215179436
71.1562299495012
81.3758401603978
89.0512195202087
99.7516139762923
90.9080613288878
85.4839024833225
82.3041286097426
83.1770774619773
80.2913744968828
57.6672849762251
42.5255920466541
41.7791020537355
36.2613350122909
42.6550404757537
44.5147864725817
42.3501021098776
52.3123684476637
39.3977281741433
46.1909297198587
66.8329070591832
69.5723893870567
76.9276546724512
86.1249844601036
75.9394560738703
74.9905936160769
46.6965616614245
74.3686969080593
71.2798487882173
52.1718896836386
62.5368299303466
58.917775218554
72.286686625129
38.4049554456402
8.76155798042602
13.9998909576451
17.5229463694538
82.6938402794569
131.076726997233
83.1454611724328
50.5310233939103
65.9831611410289
73.4689111588366
91.6960918653919
82.2747097815553
91.2083604251297
88.1469088940387
85.3452011536446
82.7590407638009
97.2286337041475
73.914829778755
60.7140627004812
55.779986224248
57.2294302921571
57.6714689830988
50.387031200654
43.3818594382971
47.8857640450212
56.0069561995762
57.3566511175359
60.4299144859123
71.6582677010444
84.2023954211327
87.5241140214993
78.4936660616812
70.8246873126543
56.3731496205969
74.3755360010492
86.6287696864542
83.9977291379436
78.593729614242
91.9058695118679
74.8927482245431
49.8413890197414
15.424054791234
6.71258872716097
58.9161629345324
84.154506065727
60.6349739238702
54.7563273695282
85.1027805986128
93.4968038693293
75.2353060455786
70.746442705983
65.9699458563342
73.3213923933966
100.405173865045
74.1346229120397
81.7631301487979
73.5211081619961
71.6594574015272
77.6380785184222
71.0509300807499
54.7558097445244
48.2407526074747
43.2285851204343
62.551948059051
64.3132772054296
57.7175303206025
38.0381046042047
52.608865637418
67.7823358769389
50.3238466720121
36.9402329360906
53.500270817213
61.3236311394079
65.1696165633593
74.8215314539528
44.8150020979621
54.4089148575635
102.327835028871
76.6872976602302
54.3626388881859
24.979705507316
12.3107809190431
37.1218933065812
70.2638149848721
97.9981777879657
87.7999108997419
111.200009537529
99.8284271926182
69.8942484166508
71.0764348760737
59.503327222734
56.3723828887078
88.0035852861045
94.2492492577543
93.0759478667518
97.995678463942
88.8111971246146
90.3855719909097
79.7036814778475
51.255220379863
43.7501790212899
33.6615574111849
52.9810624751935
78.0645512936719
68.0877177618445
48.6242789316525
35.8707392740363
34.9995027069087
30.8153680442474
53.3922068917257
50.0824685871975
42.0378617428392
56.9323040033608
47.9522556476065
44.4107914013555
35.0592315348869
29.7756134565311
59.5861807654629
58.9367064371316
19.0235980469651
13.1327260566218
9.15511266715461
28.1216878289179
46.1090559785572
111.600956190167
115.22842798222
70.4418833449742
85.9509253085594
85.1836017220296
112.760711339585
77.3304756637884
90.3346822599957
63.7002408897001
56.8390523097137
52.3245672822231
70.6587612555618
79.279447752789
72.768563161909
72.4454888413841
77.0909216708247
60.7650710809627
44.835289715418
68.0902825176198
52.9737609479327
55.7345380729498
53.2222623601383
53.2274887737354
51.4576581202377
56.1192466580424
43.7211440157908
51.9770356861969
46.7927502820082
41.0353114667086
30.5495815971138
41.7698817191419
61.9024017873543
29.770137153342
25.6670855468786
41.4548666619405
14.297893480403
11.9172733034222
56.6774987187744
82.3349420637424
99.8408615169002
88.9118000339204
57.7512597477835
69.218265904061
60.0315002540779
65.0422774104931
64.6419441836062
74.2084543389367
55.909339301353
54.4832096140529
58.7114180056604
60.7965901760359
66.6253977334668
81.0934953453221
49.2856664409423
70.296748533008
44.1608064955596
58.0472899007547
67.1257251803752
80.341501563236
78.5692271596687
66.6827970751455
83.3030287070129
75.8030466696543
40.9472909773609
68.392509656414
53.9193231492602
48.6426185370482
36.5218771609965
42.5749813552741
65.7975096025894
56.4323437810865
44.3727788623726
47.1372869610989
13.3426031759715
7.81547921489315
35.5750590426039
56.136115318075
103.7812423017
90.6903091564673
81.8014002266088
49.8248314598681
61.9178658477122
52.5263831938395
60.3495959931908
66.4696686874255
56.2063223897298
56.3425917792288
54.5077445150284
78.0044598159727
68.8838096281356
60.7939130498197
57.9888047300651
44.0969921430727
43.7356420413152
53.5016554536166
46.4264168674508
65.1919049771901
76.5740229973169
83.2423845879368
100.033384665191
93.7875317239079
67.7919939104026
56.279438557859
84.6433567999702
80.9958477046499
67.6122833551097
53.9542261421933
64.6234790651104
71.698347373357
80.3791636554117
37.2199650079465
18.4039219409329
13.9640607275515
40.9471329182336
76.7770610005957
98.0531368028415
66.6356032436584
51.7372923202013
41.8212981478109
46.8986346421243
67.4322405289396
73.588535712736
78.3658287683923
85.8201230955058
85.3596134814775
82.9677524259119
88.1967155355162
60.671586530294
54.2501900862981
65.267551275602
56.5328432740016
51.5538512029714
62.4633524220145
79.9235747402257
76.7063343627561
80.1267403979613
92.0195340939568
85.5699955316749
83.900342806917
56.6549869088831
82.6077622984251
75.8706649081713
82.8066342077094
72.6333206568493
69.8955594500462
71.1907396876839
105.454068663049
21.8137771359439
16.7985310536773
29.0583299221159
79.4488666340413
101.833914321408
76.1804551561829
57.5781769521573
43.8429333314722
65.6087723461759
74.3841787300128
74.3294012156097
78.5632997891081
91.9083011345108
94.1940498522377
89.5622651295884
106.757050462628
66.3475778729302
55.0509942032967
69.3481043504338
60.5947258931311
62.0252121671295
90.8499679439287
94.45247053404
103.400407295815
90.8839876709795
95.1848424804189
79.800561624776
60.7992254838542
57.7592829830784
70.993069925907
87.9438413064334
73.9979401339379
41.5334168370051
74.6501140218275
54.5049797836536
39.0659963744907
6.50313281713565
24.9095760574261
15.6023313218384
56.1196173054601
41.8525286286141
48.5017903501869
64.1184336649982
62.8812174621779
52.5617602137803
56.46552282534
45.9986992823859
58.3592581682064
73.5053172856384
74.4188755638359
86.007643019417
107.750331919853
99.0766968594928
96.6972163807459
69.028500284192
47.2735956110111
66.7382687942291
92.5134446333344
90.5679016816481
81.6894604558203
88.0379131684254
61.6827988480432
55.0995853855199
54.80363039596
56.9085198060871
74.8053139184481
102.273620520856
79.8836082970139
35.8250123819461
27.0761472473638
22.1764665510106
12.4332489979882
9.63191136723069
59.7041120026735
56.309501702885
59.9145231283953
65.4960992160507
48.2285577467899
59.1696720662953
84.6748076609789
52.0510067417016
73.4956363575258
69.1296653446207
84.7776887598326
97.1728187625115
103.603093882378
63.6844424805479
61.4484340402173
109.657789724097
60.7944010392973
64.0893031664216
74.0492017534322
98.1692345551751
96.4911904333118
71.4610873091135
55.8945628722419
40.5326276679469
60.4800006369144
40.2597721846324
63.3777711139761
60.5798800593941
74.612098815265
72.6147882479993
26.2520980876848
10.2160548028124
17.1718899867398
57.4571649090654
56.2006273846794
33.6259058648543
64.8470563022981
73.3932408270192
64.4549901695123
74.8937015719497
81.9844746488673
67.2172396039359
74.9071862624811
88.1762946763413
79.0280758635463
81.1622817857438
56.5512894238414
106.242432342047
72.3816016898459
65.4441333781379
71.5804099928376
83.0043281539876
99.1723135623631
84.6848524742725
79.7976142716838
66.9356986279154
76.4470250364863
52.8381728780945
52.1106874383754
67.4456869480814
70.0199603570987
27.1165402862414
11.4303889956074
1.46272575043016
2.86378691385569
12.3932548689733
18.9989891899427
31.8745447647947
87.1618330742653
48.9439434735317
71.9017492140665
65.898664926513
99.9580227574403
74.8314887074411
78.8156254669969
84.1077580962308
98.4898097607417
86.9024025298414
99.6565644117035
83.1713788642785
57.7657564960864
71.8350055503547
41.249715948996
78.7027420793549
65.4708696443554
63.0133195955178
60.607734718145
56.1591856679634
66.8581756549427
88.0676356682915
71.3189403176912
60.8331026392531
27.6244240918363
11.4223216417085
2.48165649511487
7.87376666793818
3.20471351532115
25.8545794610423
70.1345315051402
77.0190525725227
71.1938454637921
85.0445853759639
80.8603351522372
79.9579495129363
57.0482226535471
81.8165708958422
96.3232379587787
72.8416149004152
61.6933530669809
83.0803185062145
52.188807939637
36.9798408646071
44.8601638553371
72.2667303323234
72.1285779179118
68.0043146508085
47.9564482083563
64.2815759617401
68.369666975161
71.6943515824583
57.9794321654092
64.4022577852893
22.4791592030105
7.29937338183804
3.86564885510566
13.4949906473911
33.1970975947927
55.5073458610334
54.962915979826
95.1750961612528
70.0801522611966
82.4606382863911
100.24386848039
89.4485931584694
98.2187359613524
98.6909277984995
45.0656190673378
66.5398595734256
64.1051009481179
55.4195897143717
85.7651080067928
56.8574795378148
53.8862701289414
46.2620516641877
54.8862325477996
47.0289962546047
50.9038963623971
74.1209229155104
84.5724154347464
23.2243106406307
8.15198965415954
1.86798606223141
5.31594832174684
7.50829385327197
39.307900260948
94.5113837676122
55.3616381327556
51.5648413063
117.794347495169
48.5703270661469
64.0343658093974
57.1966686224751
83.3986354581177
70.2478600186733
93.1568941184245
78.0649729349928
71.9684822368476
47.5247005383993
82.8397484810867
106.7725960687
66.3602007417543
87.7573706042179
48.5470114197092
75.0006232812163
50.1314528080943
16.5794540370765
3.81106802179812
2.20568982351739
3.00830057744802
16.2481944331271
26.3924097973295
18.1825825254619
15.3515470267978
43.0271233045094
77.1669602502411
63.1239790532914
53.9089950483692
78.4672598661726
52.371053508899
69.1966774147277
113.390378020508
74.9931201953278
63.7550697466289
63.8162404023474
57.5570232010453
48.9000252630098
92.5708169033293
42.3191110514609
35.3792821252491
15.6715950883956
2.69978636343159
5.32245147316652
7.52727862856745
3.63556525247629
8.32723550996173
7.19952095226931
17.7578622524033
38.6421791703749
30.8181578814449
41.2828924380444
61.1850247281673
53.4886007589778
50.8319854832948
56.4573125840137
48.2317669935111
78.5019589319115
32.9854630724187
14.0567813774515
25.3927915363065
26.0087877065886
12.0284422708606
11.4792141412892
6.67385572913007
4.31732142912243
2.83163434923949
6.04810917469215
7.25172635917833
7.02103832992651
8.4630782043592
11.7562108242514
35.6593426247249
43.1250412594365
38.8115280051963
29.6923495098492
25.4612979135977
22.6049164526236
17.6567533190929
2.78230745060179
5.57378595909746
3.04465704532222
11.2371405799233
5.03947425047297
2.02818739170689
7.28842881446038
5.62041908240029
4.51015080123461
1.97580178818863
0.924840913236947
3.12927691673342
6.44443282961553
17.5146530792858
19.2934821428832
19.2221150956137
7.68545039041832
6.1135004380267
5.2930752739749
5.84282116609628
4.38116547218335
4.67502221158539
4.11209390481691
2.34374726101505
6.2163413657789
5.50392373042891
7.59959502562858
12.59602588823
10.0227726010829
6.28966794550687
6.71882146496919
5.59876757763262
1.60221187592695
2.24846443860824
6.43931663611612
4.19160434488694
7.50648385975094
4.91364971290587
7.07117264968354
1.98028655274547
7.49717726639741
14.0576397730665
3.66163548137007
1.71290780047338
8.14040377321536
5.62208063522953
7.29972482875225
5.03617883624659
10.9933532082164
10.5526703131468
2.83179251210621
3.03929496397521
3.4398941273781
10.0243793465383
18.8235938673296
39.6172724187207
49.5653284918526
55.128880244715
39.8644157106933
25.2373745216081
11.458760554763
3.92421064589892
10.2934744159276
16.167904907831
23.4834139859562
38.3136168858956
50.9660136256844
54.5555683111509
21.5964377058326
5.62032572050772
5.02064761751797
12.4783509296132
48.2290096870887
46.0525683880264
77.4490917894264
84.8995150335775
59.5499848323515
48.9532696713229
31.4356216415234
13.0900221917005
11.7850139310158
4.62107487658582
4.0096333093916
4.5907860038888
4.3279828699853
2.70312100204942
23.4230764059582
53.4650440614934
61.8083404773894
85.157002301772
79.2003507904164
34.54196918633
16.9737339242632
6.51012639338498
15.9715664094946
129.701649067671
74.6737380112749
70.3455871278264
132.97927233982
89.6583862101176
46.0740810878887
23.2760979775083
11.0886588047413
7.70694431233012
11.9980078557477
33.9614738944806
23.7786651121873
8.73969723189771
8.39982476559262
19.8669115808745
36.5666312015084
44.8996902523791
90.8103491905445
68.6062665401936
135.710990790068
86.6802143514428
51.3217277704168
53.6667365406103
35.5507101059542
33.9192072817044
70.2361330254256
123.087690713758
118.810217630122
119.530987196975
77.6723130952657
76.9637770435929
76.0273738236765
68.1564167807007
52.4439119996066
37.4530278609585
51.0715004514535
62.6714832922427
8.3810924278834
10.5673267164618
10.317063407257
19.4672648382815
42.1675561898532
66.1909356154261
45.149873328307
107.280818522886
37.7397246979315
51.6035338000683
104.09499805845
106.529197731956
82.1011517044651
63.3827375680581
112.020739721147
30.8108274395447
60.5076400039642
98.3197377014669
83.2268297772087
123.358956517685
63.3613964150954
74.2432019660372
55.6851752754938
47.0341795787716
72.0713388485162
102.287955580823
99.2460894271081
77.8859747154357
47.021102545318
3.3658175740637
6.74781399679037
20.5371125430866
73.1157359922967
85.1290366780579
34.3352502576903
40.4565137300576
76.2075169482163
50.602238486034
74.6442063562322
42.5851701704035
21.3313240033565
42.4145934187405
80.2907483501778
103.371612963453
18.2677618437255
48.3279628193648
66.8078517065321
74.3388571779095
126.803925311133
99.6602650271938
87.5415100097394
64.2940363369998
75.6078589900163
112.995860058136
79.9810020960959
83.6617508535505
76.062370448577
78.2531764845419
36.4414351941796
7.91471286215665
11.1217397066786
53.1106162879985
113.815151247097
64.6127714073187
53.6923595178167
51.9482482626996
86.9979165007534
107.28163280116
130.44017295482
16.1316477378537
27.2720788794675
65.4194278540311
31.9217846158824
17.4929487108224
20.1093873381423
43.0840182448402
46.0751160438092
87.3250006172428
103.239899968873
77.5060919067396
51.8114903912837
69.0532507077027
94.4859916416753
106.968224517438
67.0197784719544
90.1264396248549
76.2359282359938
94.0239602101178
117.042311262863
23.3585807813972
6.12968698839214
13.0222893955918
47.2400941946082
63.790351916087
120.314949550961
151.928501522397
74.0343128324211
46.3369086637451
76.5283043009761
125.9070178655
100.559054214133
22.5026763273283
49.9043153671143
91.8675352354465
42.9160130385326
33.9316377298371
57.1610984145204
79.7080035634552
50.6030267347099
60.0616846824314
111.064462893872
129.129211668055
70.8140355868735
123.12488502148
88.4636811007394
78.0908340163081
130.98515495765
124.768975970796
45.788156574919
69.198267590283
83.2437546699379
82.7369531076604
5.54850815686221
46.9726219984016
164.882963848288
122.9566654729
96.1340007728532
111.338753067957
84.5876346685238
67.4226297209809
83.8502751320291
109.108421260439
102.752956044499
51.1302184087788
46.1874078772624
79.9580646595121
80.7336145780482
91.3973882501869
68.439162893526
95.6584120156706
97.7005437665975
67.753005472274
42.9539313510686
115.049086674178
115.255531542651
102.884995881901
71.8299413754676
75.4157596067843
84.660318743212
46.8456514787458
63.870119478541
121.874862948886
61.9598555407275
54.9302932023321
12.1290453543398
14.4522602198211
31.8011796161956
113.346764532
74.640527577791
108.882474467738
146.128949824697
156.635615259312
104.231945157196
102.135306599897
67.0526492432566
88.835694978849
132.595344213806
88.5479640727333
109.853823064463
53.3439547837698
54.9175247690329
78.3212327729927
56.0593650614335
74.9316314640718
123.331926458695
83.8683627601977
48.9963806940285
104.372482228807
117.351955515875
66.2111492610469
71.4454285262725
100.506317800032
74.9213862280347
54.5293982567497
92.3747748819482
115.440383004107
88.4195190594154
98.2301352045764
41.14671218868
17.5140361191757
15.2061976556894
13.1192763900909
7.16174170923763
74.7507659752364
112.611964504813
91.9781465766349
57.2087181823793
77.2959215013106
139.864096749363
55.444961679392
53.7538266466057
94.0014436474656
120.065063764292
127.739777797001
130.37453709808
109.035905604937
100.356808243029
124.508157202805
93.5386324482441
79.8510324936991
104.02917611214
90.067103521274
85.9567461874865
116.391907218693
130.616609138287
117.430528975724
97.673630522696
111.47964544139
53.8029282575875
73.8846497067717
113.999855379202
119.981954887867
104.831890270819
115.050063987419
77.2486984601227
41.7898896789429
28.1947144232108
3.08121391915164
10.3948185436756
13.4321310703424
55.0723723724396
87.4311670476146
103.039044869045
106.032107556863
71.7602491588653
155.071719503058
113.380813714206
85.3656603010772
129.955942866587
115.564700420065
105.743549416013
110.154160551862
101.123972186498
91.1514279317942
92.7370002826487
83.8429772396369
87.2153785147894
91.2421165143987
98.3525286685758
98.8578725772988
103.967137696341
111.919584588258
115.448391878017
95.165577595115
73.5631281845051
55.5877777448215
71.2155065225373
111.625139540661
113.032368404593
107.023828891341
101.370973216399
80.3400673962612
41.1611422112465
65.8599766054383
8.94776712167565
37.1781929344747
57.8045480211917
108.960157695552
84.7738818312389
136.858463833457
123.575347165664
119.655225701544
116.231565049955
121.797896370357
103.111684193138
105.808030028201
101.406363317085
94.2581416636633
86.8801269490057
96.547502291784
85.8095548872724
67.4299926258066
80.0119114795392
93.2794991405019
92.8346999116464
74.4153761141144
88.495242619836
112.755729213768
109.737747326001
88.5274340266655
103.874774269093
105.142400401127
108.754097829817
111.20474834682
97.7209876754294
87.4681370514779
76.3797628539865
75.2021393619516
95.4782796365915
79.4102104963873
45.1186907030587
24.8160416972804
72.9200085511464
117.966789523155
120.936577657325
99.393474832179
95.6548393381216
130.594266103919
106.424328578132
88.6921904600396
102.759985393874
97.16015422796
87.2504727860946
100.572349109248
89.0455192925047
72.6919209170708
83.7150340968002
83.2648435952615
65.9000258012695
73.9951422112786
60.648051736779
61.4812474134672
82.8013953304569
85.2690291024263
120.638591005106
106.411480800553
84.8237968871123
83.2627519496384
82.1066473450478
95.5719196820528
101.784770713513
69.7113915630039
91.5363118926492
72.0430736573605
76.5640230903768
99.6822589415831
61.6908902234476
49.9752640266035
27.0059064615623
11.8940226477818
11.8080285313856
16.3828122734763
91.5112284567551
68.7649368507057
82.7967740755256
66.2788339514618
72.6500456483757
113.108361539324
106.737529945117
74.4752749621981
67.8969308844141
82.9333228845481
69.6980819830462
82.8416899280851
65.8041817134482
82.4843303011906
71.656813669743
64.7814715100983
58.5477255658477
57.7861421965519
82.9491413243728
67.91327746041
80.2366086153399
94.800944240295
103.590361549244
103.938000541482
85.1836555632996
82.3524783887469
79.7105662563577
79.5603312317667
91.3143203141815
88.3080140162262
67.7946460764529
72.9541295420604
101.055578924992
89.809311411585
58.2154681718866
30.1218544530054
20.6521497193707
12.2234832459818
18.7059652639237
84.0071368542858
45.3696842242782
68.2449471351531
86.1489294347321
54.0882749589588
50.4992473781134
46.1728456081824
51.3469306784861
67.5478282386516
77.4340648091627
77.0468060197722
66.8615854830372
72.525575553604
53.1081718087606
67.8438511803574
71.5065434388166
53.4138286718473
57.4955523933314
81.8117784750514
66.1138291149472
66.2873310592494
92.5674256392136
97.0765930233885
101.87372084155
113.411307629701
100.296365730272
95.7848312546559
106.871413269836
96.3847683094417
90.3249328806097
84.6245487548459
114.211480098032
71.1004407397933
46.5940201646922
85.8350323621001
23.163071822092
4.42450132062295
13.2435672009813
11.4951912281499
39.2809440387636
92.5792114113712
114.476730513229
106.71988842463
80.1632271692502
45.7021688212748
38.4454699004998
56.9479412919422
94.2845515773393
100.242760324426
104.348996378919
111.590245212589
64.4701227425402
76.6760746016639
72.610920970815
66.678437063189
53.1880576859787
62.8637584966422
53.1848229333405
63.490617914593
63.739873581393
97.8259178011328
99.0495946660245
98.1804796031604
96.7398621959073
106.735890200777
85.4861549298359
91.8082576298987
86.3140553411562
79.4755514390768
92.4120686671954
85.4066973877996
92.2480581032335
93.4707120280957
84.3124425242299
69.3684681356871
23.898207477183
9.76615781287991
7.82551144342794
14.8670130263072
94.979668175651
80.8988674128214
43.495194695084
107.492965610891
114.272141350909
104.032787880149
97.2642512720672
101.238097022822
104.260740373376
101.526402827196
89.9330772659709
87.9606124997866
90.0759363762511
94.2766437758484
70.4297102928014
67.0375059184386
67.1241292061468
62.1277303682108
73.2098994696551
82.1454217843704
72.2942945671322
84.1026735143141
92.2637333856449
99.3091405889406
89.1286024343374
97.6942120009489
97.3972480876101
87.8039732312153
81.7850667731861
75.3978961860473
94.4869013655701
88.1231540455873
78.6666980457131
75.4239955984185
64.5760084433506
105.957804827622
43.6382654334625
4.93272119882947
12.8158692508235
10.1503608509979
15.8057144110537
13.9426324378621
13.8633042968053
25.2426451462379
115.507020582915
109.225606797988
99.0000446551327
73.5187069539824
101.00727737896
88.7931871879251
94.9201433529781
87.2152113534196
80.0783885838312
93.6283516655851
73.2090198707067
65.1487677337689
76.0568011337497
77.2483738568533
75.7872436634266
83.9741308288606
74.0756426104462
85.0090770709577
91.6958120600947
96.123368812088
94.4497000036935
97.2812657248662
92.2574112532492
94.0513616428683
85.6282399884611
85.2586809768929
69.373210377851
23.7409403887369
31.5606190028821
75.6005003241015
68.0215968760079
83.0355888976427
37.9174160367351
6.47737116198874
13.7177911046316
18.1849990397762
19.5843138260186
49.6486922932295
94.7653099885343
30.4794266937709
85.1757529788943
85.009926387963
77.3688842711936
86.4705585754277
94.6926583859919
90.336116805479
86.7010146656213
85.6378956472552
100.799043749334
85.872965012247
81.9188250278361
76.7412645838676
89.2420582942966
76.2930440823179
75.9948133025275
78.071541084231
74.8989302628645
79.7152589025146
80.4908821352748
86.8887768209044
78.9755915720241
82.7486304706473
86.5340287620507
86.1256726619795
91.8966508466236
83.4470571131099
86.9595767825839
43.2025938309414
42.8692532531277
66.1821373814684
68.9546419134391
42.9728809025771
14.523630985009
3.19323875333198
9.6864895790076
77.5122029427481
103.43498727736
118.675223921154
117.659849474417
69.2955115175345
64.027158865148
85.3779097984618
75.8785029901188
84.0415576285868
86.8481478076892
91.3927574716167
89.8446859516405
82.7623242005691
82.9555452838675
83.7727364005245
89.229764266536
72.0256166943141
83.8001058511771
93.6427616559899
80.397860453364
81.8787304935106
72.6159695589682
73.6323852789727
74.67207999816
83.9960509824897
81.103601711573
80.9957570679564
92.0990528053686
84.6105676506758
74.6533485461616
80.0082932340401
84.6370189534853
91.3192978998331
61.1721179874079
77.5595857671559
55.476899691859
52.908346502934
14.4910157175859
23.5541418336476
88.5857810022373
83.9785287672067
66.1251601566469
95.7966035061319
78.0278917532921
73.1091788988077
83.7823500811969
71.8994632171712
85.6645260959698
100.141559075031
86.204506136544
89.758970881811
84.2284542880832
81.3085762172429
61.3449209468742
84.4624029680879
67.9467516803927
88.9694215168269
67.1142771093976
47.8353362638261
65.3565617589498
74.6384460056005
65.3823182044272
81.1492726573522
81.4405158709044
89.0205804045378
91.3268749768384
85.0936613213299
91.1266557370989
77.2605949908476
65.6728686478675
77.885857920284
79.8937329935918
69.8027082207345
86.4255767951966
77.2535811957097
111.100774525389
48.9179639415147
16.7376268117608
24.2838201171341
137.077349474764
135.094020438662
97.3861302587065
77.7133329138854
79.2391709005609
77.1969190943064
98.6080411047205
80.7033847210147
79.2603626401021
97.4084646112414
88.2625652490784
83.4837655999418
76.0082657535035
80.029801375604
59.0065544836738
55.1713380798161
75.7994463681352
64.4737948179238
57.7203893666414
65.6734030109067
52.3417381440919
82.1995376719062
64.6815335055182
77.9643079349255
78.4386352465968
80.5209595168219
84.0132624449297
88.4566892257696
91.5047344538112
68.4393449902941
66.7737173004405
57.2748929823089
41.3965118485231
61.308309245725
63.3042070161015
80.8606514169622
62.8222126716122
57.2092971016851
11.774230523124
25.1943128392754
117.741701092891
90.0893516735502
100.480488609768
114.312579405068
101.143371208921
104.234304082952
72.7234685562219
74.3773682626333
90.9475543132249
83.8676656721851
90.3817703724019
87.8610696714299
84.7940648869543
77.7445538345301
54.5291417935882
41.6568695084051
58.8442742506074
57.6902974272396
46.8927944745828
47.9119644541804
53.7236581447098
52.052811459528
58.6404725801885
83.9919843756418
72.4777644467563
83.7173279528663
87.5950894227167
84.6121348885214
83.82221853574
88.1982716390534
66.8213774732023
52.5909935551699
50.8059892887967
86.8708589698694
82.0603621966562
75.1909520525152
65.3494813480264
34.3407415220734
7.2357747578692
15.8242888889312
15.322013776227
74.0688398143451
53.6214963393479
90.7818602634235
82.5671533598283
55.7107944245584
65.2630227577766
67.9006003717404
69.5478073629019
99.029227388958
82.3761333197483
94.9468990621084
82.3412453377119
83.503215383488
81.0927705202335
75.6598926514565
75.2775184944841
76.2687426810027
55.1558238859912
57.978295651395
52.6716814838524
55.2715639816535
69.0112014606106
69.3216563075578
69.8501835840261
100.73369139082
85.1406250501171
101.722092631527
101.182267379519
94.1590597046002
88.5950632696996
85.1332794879151
72.912303200799
76.6495706990146
74.5023556594893
99.3334797102541
50.9205327188144
52.2617073001977
16.7138583556172
11.6059260657305
68.8686850819447
123.327008449876
80.4550985446685
39.9453643106323
50.3906860685843
73.2925978782761
71.5336749365664
89.4477402896621
99.5487327497753
93.6302466519605
89.9407715011873
85.5897311430028
91.5663507775645
86.8561266371933
91.4444541634481
99.0018677748536
81.8710092424456
78.4868991846538
53.7416042095305
40.6190147967799
66.3285740665346
87.6871981989472
81.1285547109615
89.9921972178446
99.7261912850181
94.1198715318526
88.1375622214741
91.4263572372124
90.4473333477259
86.9041432469304
87.835646632711
94.9854771237918
82.6306237061877
109.632190504027
72.406049553779
49.3384304937411
34.8641263618449
2.76083383693039
11.3157545156504
13.1759951329213
52.4089934100715
76.9617562637004
44.592867946413
57.4628328984043
91.531422101321
91.4242792127078
90.3870538771666
81.9750076268387
74.6634259820074
74.2751109151717
87.226426422156
84.6243972948736
98.3222701826385
90.8719703796592
79.4267012418152
93.4153118220091
78.9503477222852
77.9623208437325
59.9894066859319
50.655981766668
57.7917952478981
75.2847659257804
78.7738929193174
83.2801666703256
95.1124534039133
55.2067742980216
62.7469074733897
84.2274653252221
85.1988153850724
79.1019424071479
82.7487330921762
68.223517649809
77.0780789402882
77.4359625521166
92.1810461271607
83.0540716861616
55.0938969826865
7.79506585471035
22.3221124293708
58.3612621682061
77.5985262702401
93.9054948698178
88.2403680239291
71.6113958362239
45.216658340037
57.5237191692641
72.5912857901055
81.5868786750226
83.1858018667789
85.5795733160115
80.6320138349265
74.7021017922691
88.786092360869
72.1377716225026
70.316584852472
58.608909830591
62.7424516734966
59.3239472391044
56.7591921122153
60.4119427368829
56.4620433642009
55.9483564958177
49.3816795758119
34.1785758071082
45.0847909072872
46.3785290851423
50.5797160134829
66.5763079111046
90.4563382942856
52.2581310895287
35.9280373880621
69.5909583741859
68.5454328131891
88.2200667729383
39.2648809373686
10.2380119924402
9.2279321367864
38.318866362763
102.242115691784
90.1418195308338
64.7668802135324
85.9904482939364
89.357726603597
63.7532884747439
54.8117684564639
73.6837484932754
79.9285757036262
52.1110438503264
53.9270691942522
78.0402439116323
98.7461953750945
72.3457087033482
79.3712076202249
65.9993348254761
81.8072155855207
65.2142978789284
60.3991148660871
53.1281617051558
53.3295572277095
39.2984032206857
35.5729982852736
41.4455830942466
44.1163189150929
35.4884989033195
38.743145132108
39.3205683621231
49.4985624327277
35.2248435595722
20.3518684598393
33.7098597094307
41.5426952728912
29.6634724977395
27.1908752217279
13.5304994285473
30.831647297663
59.9922513633568
118.977403558013
108.261730110978
59.0025466607586
56.9216976808682
61.004895324292
61.9242016396699
61.5013630313711
54.3953417571008
60.4272371100045
83.9134277286358
87.4175787810874
106.761332695441
58.8172852812264
60.8417542095244
40.3754415680602
85.5470096001221
79.7244996524368
34.3247119914037
61.0027905555903
69.5484818588977
91.1839893023032
63.5484821862217
68.8307208756246
56.9856824954528
52.843270816352
56.045880140227
54.9404819971179
46.2459261771824
38.4307225764926
50.4725486221702
49.7635362434436
59.6206428021876
36.0436691998452
27.448328182501
15.4511386338754
23.0273665702115
64.6647535444882
126.093192240729
66.1025283728463
65.3581075008931
40.3284628390194
79.0992382642441
83.8457188572812
83.8148963844552
103.821896299868
80.8132804190268
75.2663212931645
84.6420419640245
91.7646673910087
82.4496280475527
82.3326765463629
38.4328366619899
47.9139347116105
83.4501210526338
35.8745484589066
56.2881193646925
73.6601349763606
98.7466901841547
98.4278431635914
108.303124016456
77.5508656873991
76.8277253661715
76.3776072002849
73.4852569610586
57.0354462051659
74.4026644956988
60.8514559747025
99.1539902674165
69.4411224059868
87.690435433037
21.5933101326849
8.16101646003196
23.9979518388679
50.1636794494198
70.2203388788263
30.9308480856602
51.9019963878168
46.2365517168061
82.7804963147142
73.2467506650459
85.4769775005238
79.8788271873817
72.5652518347099
82.592170530752
68.3120779786369
76.6364771730484
94.433984487358
60.1220305524014
35.6930880854459
58.2765001038524
27.6885154828023
43.5583092017189
72.7439352442293
97.2544858011912
80.4609350269728
106.477784054075
97.9720139924095
79.9762548368625
72.0309412148788
70.0668066764329
82.1359320119027
92.1386298293721
70.6688201419993
60.6536658680507
69.7025519645283
68.1069005615828
17.0611265684577
16.6757676571621
44.4740166601531
86.1105316337135
48.602072122529
57.1810719031223
51.0090418293497
66.111914994063
63.1857246340992
76.5042344996598
78.6432791673212
66.4961070520834
87.456974201167
96.3095988065476
104.503083810934
95.973489788169
64.2527030848428
62.5506567353856
46.9212963747346
41.2395026487282
66.1768193191028
82.05050864513
106.370185038745
103.257663780886
90.2720585304883
82.8681332328011
68.6648413781755
67.3469590910229
77.1057650190331
94.0711514060916
87.6008509645397
83.7523438539752
61.4982342019934
85.3204233246258
26.7404746489285
23.6515970832841
7.91612879192018
58.5565063720929
46.0781123805227
64.7206345683133
65.8756989408732
56.9187826387405
57.2373628082244
49.6333289201288
51.8136134660694
52.8811475253444
65.2064218350726
89.1989772615605
101.488198166183
113.631721936496
83.3761797944002
52.758258277315
61.261055608439
60.4452151444142
90.5107640663745
89.5048742175843
90.3454710638492
93.5186661647068
91.6588330937188
75.2940589081025
59.3153190974358
54.9254027818304
52.4325445601813
88.4282822971702
73.5368255325838
73.4219553320359
36.5730360715503
93.2203294722822
27.9152948762481
8.80350184841101
26.3619853732468
35.2605672183919
50.4501332623742
64.9464142440215
66.0763249311272
86.2719087427468
89.0341450706587
71.5360213687583
84.1347646121371
78.1283604495765
73.2592174392185
90.478872372168
94.1253860804871
67.0623275061013
49.766844825041
49.3395057957817
82.5416615455755
85.5808689385629
80.7917657646217
80.6666164078615
97.8445632463091
83.6541404752857
54.6595782117566
42.016794432035
57.5739480521675
43.0531378685352
93.1711193847063
82.8301726934364
80.0991523419627
36.0037405671964
32.0994150377042
8.45812418577456
4.4695737247575
8.3855543681759
28.6300113925708
85.3052274488869
52.40534882391
96.3703168255588
78.799087909262
95.9444523927927
96.5710059706889
100.53654922703
73.3897512352002
75.978117382477
90.4436147382524
84.4174174508232
77.9756721426234
68.7250661212519
59.029311311522
67.3412003254062
73.1048724431777
53.941283512235
73.2325753950727
82.3926121389506
60.2884062405406
69.3204963507575
47.6743162007701
64.5283474907237
64.9039545140841
48.1062159202884
74.645792142637
73.8725013394462
36.0493106830735
11.0778639772005
4.19961727943976
3.5049061074499
24.3852962769451
66.6760424117359
84.0914584501555
92.820627958123
89.7545728794023
58.5291833066479
92.024571729837
108.081333254188
89.2010816607658
86.8799172725439
98.6412103204597
89.4233530556258
97.0990276680099
64.8728087615037
45.2195658066747
74.0822238804598
78.1249073460355
79.5131517344749
83.4688332126221
58.7813469875195
62.6447884194784
41.5217440087196
74.0640838783644
49.339211610415
25.8001122232302
21.6305894632245
16.5640327445272
8.29823316300812
3.28620992351294
2.45519545826002
20.5812618869531
70.8963613628039
84.9212800758181
69.0389215626349
93.6289514846967
75.6315827238851
106.398741730964
59.3936670950235
62.3381486744005
101.432909739432
90.7975353069708
76.81498130253
48.1181375569451
51.9578318933593
81.8618513436064
92.7248431600145
56.1543609510097
64.2783942772427
32.8258809609533
77.4402307235568
90.7528299268817
28.1516803793712
28.2747245696028
23.2375305700091
14.0984726857017
3.43212945805276
3.74168096469999
6.97095177912624
0.131145457658987
17.0030268845991
43.9438011252853
63.7701041358177
63.338462098907
26.121392008454
52.7122787591341
73.3841300786175
55.9526177610753
102.364835662563
89.9702392978331
62.9188877601185
51.4659379631335
69.2141136994934
96.0527721938051
100.362128880688
74.9757144246652
52.6026292705449
53.0796902497456
42.4449558818514
66.6513484273185
41.9640655576661
44.8530400601969
17.5914671623752
4.97529482600029
1.21859598460826
1.68412459785388
0.194769771256665
11.4979752601304
30.542186885967
36.6595824107559
12.567265253425
40.6764965608559
45.7635334264755
64.0535414399794
65.1550903310622
85.5008407495718
70.7289351926687
70.1956892825771
80.3133537645783
93.3264885845381
63.300817977989
82.2799646266734
64.3314200277434
34.1026829667213
82.8160213760603
53.9826596345802
39.6165947598117
17.0368247378908
3.51875812527962
2.20873731850099
3.08618334614836
11.4415124765419
13.872415735481
13.7258861080542
38.4598849960256
65.5557802692444
62.2476442033719
75.3087293377745
87.2584067161696
73.728955701561
81.5949647874909
59.0722788797009
70.6742821618818
60.3868332230038
34.1756112432387
30.2160143944019
26.6989150179593
29.2314204596894
21.783687462095
11.2294860851569
6.77725455502142
2.34491909433168
4.68936659779321
3.59914804478869
7.27665659631121
16.095159933054
23.2702891651271
28.6210025090991
35.4146047974513
48.8229672070397
60.1340165694864
68.4987644403601
23.5579592264646
36.8476171443309
36.3924757594932
21.2249026683175
15.7375950032566
10.1846949174475
8.72546904679185
3.84866656484945
0
4.49193997546384
3.19785387812695
3.71364476839915
7.72704656502859
13.2717727592407
24.2241817188471
38.4475384387162
53.0525995817191
11.1177935143912
21.0958711576784
13.0887312846804
8.20549162659697
3.75175249211822
3.32769258366754
1.5062081308201
2.38606749985446
6.93438853493414
4.87832466055969
7.04577552219305
2.55945253113737
6.36574030926292
17.205484033719
20.552147657534
14.6086602713322
3.98262109854633
5.3260523183584
5.18945993622665
13.0094489335256
2.57098781910373
6.46667742645663
7.93428441182582
9.80418492250051
3.80311222243121
3.71688668791687
3.30730729039869
3.97435849091898
2.62916035295766
1.75765267523985
2.55800944044138
4.14805349951759
4.55056736676232
5.01409963579119
7.052488874474
3.68282045561935
2.57190653077534
4.23133587800496
6.67361544031971
20.5167815367471
15.1237665868027
10.2394658420034
5.6456947215567
5.03239747185844
4.14910866042661
1.50215220617189
9.25624294272774
5.27779948199944
10.8405549679864
17.8495111324775
25.782222538715
8.18957204149059
4.3383750775031
5.9088740271187
5.28821361952734
12.4036154717264
18.5745395751419
23.1266293144286
34.0502444382622
33.2351822601044
29.0404817172297
8.5792444517765
3.54165721049757
5.03846399426156
2.57297348939056
5.02505060385688
5.02642460269351
12.8575449640257
13.7382897635298
39.2782066583124
51.3460116151955
61.0748388487466
33.5889876196191
4.43281495351264
5.5674500414428
5.9930666320609
48.1807825028973
49.4617404870535
50.6989486057368
101.83601322199
48.056165438023
36.9256913224941
27.6137811174042
18.5631543388101
15.8397614258535
28.9054281328728
21.8346493778717
6.37988340916515
9.76593251840675
15.1251360765656
49.3856150158353
55.0506492038882
50.4879984407677
51.0799575737572
79.7360579026129
57.4343199868685
8.41613099361596
6.05566636725997
63.487190903888
46.1706698557492
81.6115624966152
72.2781575048703
55.64312300986
77.7598051567768
61.4146183327988
87.8722906940723
63.4044515992444
61.9088001924179
78.7302465360071
28.228466483474
11.6813821624012
2.64911500072618
1.15134604907917
10.7779638060178
19.4311835724694
31.4297400804101
38.1612176972867
59.5234618935639
94.8749261040948
69.5684331575128
99.1522279194377
95.1509328222025
109.296186696918
62.2632340566875
31.3668750788656
63.2073680050026
123.186257944822
93.5728661314973
99.0173832667562
96.0490128001371
59.9674188828982
64.1816476389874
92.1489549252134
67.8914880895188
100.075419204253
73.2515764570934
44.9111215700635
20.9602178778887
1.41785109946512
5.88832884858133
4.17080987655539
24.1904879269754
49.3481742020558
37.9139364055248
19.830412761681
34.14730966371
66.9374575879052
109.526805119415
62.9947743235047
22.2758578974872
17.3500755810582
26.5738321881365
30.0454284050987
44.9214032651186
87.662088703382
56.1304708478094
67.7552847427705
82.5635870818326
112.07956880054
86.9217684985298
67.6857917177272
77.8530039989386
70.059950056583
41.8418446656012
86.3609113588821
116.705849638066
77.3028680751931
37.7294143498248
3.92466931172458
4.68249197105332
19.1395567496332
73.0372552537623
76.2695729220148
81.2591788828751
36.0765453818307
78.0835615523924
99.5728527956718
119.557717227291
42.0909343407165
48.2863496024106
56.0056872285798
43.5084796827611
9.79291791600755
21.0774371094291
88.2219812431379
48.3547589242133
72.0258854677361
86.6108152624298
94.5084884890732
59.6106003435148
96.7089021015069
93.0067260009808
112.298682775917
74.5298804928379
109.843122111563
121.88906514623
74.0246899154986
109.62920893677
23.6286934045117
4.99190805421018
8.12277598443922
22.7808792120468
42.0882381783242
73.8249732081672
63.7431314636237
97.7203825065699
66.5512752513347
75.0799263966401
97.4636993236305
81.0267621184761
81.8817742032406
114.541697766896
94.9415154838396
70.613474198571
19.5605717979307
23.6617385374686
74.6027561707334
58.2785756192227
67.0130949196729
133.159412048118
105.653043927892
78.442163613322
106.47413697611
70.8205605475567
67.938305897206
109.074023939501
93.5273671497212
55.6728098601639
52.1575198748571
124.178229638989
43.8468997842907
1.99308430454117
4.48046677719575
15.743157037849
72.5187871207135
94.8451359197781
87.7912283683359
86.02565528014
66.465767565228
67.5383502093875
95.2520191353333
51.6908459195634
85.7790110112513
93.997793876224
82.1938028640308
70.3002956396112
40.3086462962383
43.6087809534462
44.6413134049658
60.8158432151455
107.107840676564
51.1963125259149
44.9669664787048
99.9024166014502
123.691597675914
85.1894317803804
68.5562789174047
70.144547809465
91.5765235444776
86.9926039378812
41.0193301242278
51.1323150039167
96.5252580783693
66.6203482228226
14.4510484859533
2.79429499886734
10.049755206512
39.6253368381031
93.1118642903233
72.0660802854583
128.214867221786
117.843105300673
48.3593617026265
76.0748672026459
90.4282122762438
65.5312751600074
110.899599791586
95.8400518235614
109.733794704863
62.9691815750903
63.0678793800504
113.846211727626
100.221639227796
115.188695325678
102.969557464148
116.869523112418
79.4622784590103
119.608917382232
110.601719432979
63.3334302189157
95.5488633564379
106.496117249805
93.2535887875915
94.8736583854443
104.711271264121
120.193642699551
95.1110996480418
110.58520069178
61.8215097231318
17.6069096626106
13.1124083207339
5.41638249460072
34.5717962843483
121.562748569705
110.269464263573
45.914386990008
51.0006254901094
134.22672297052
86.9388921468485
101.401979656367
112.686221689304
114.037076395411
112.25511824988
121.4754118924
112.40800390638
79.3821260563864
105.070902637641
86.6604063205741
101.782299724723
103.612101865772
96.7609513450455
89.1182262707623
108.261995556451
138.93043440732
126.184391737805
92.5923234765094
78.4464273934441
49.0016423995536
35.5589609669008
111.455808283867
129.34996784729
119.374237853305
101.32593922225
84.6674932467243
67.3730430485636
23.783270400364
13.5256451669766
16.7659378090792
68.415031867367
84.0056608236814
120.252302384075
99.2369434321046
84.1659387748111
128.431051431678
96.046574891635
82.3489909825667
89.5740338508872
126.722246295566
102.137638073452
107.468977699235
93.888459243064
98.9899832663175
103.089925218672
68.2236345741678
81.6378906833528
66.5159946348356
89.1525653280452
104.110085810499
93.7733091731316
106.838686648394
110.13624355138
42.1186512560856
37.024010096056
30.3047082269074
31.8311692989474
119.573229028674
105.355310581381
118.735665574072
91.7821279455677
80.5508808810816
52.2950891666901
41.4573661294378
4.74481567663815
50.6600823109163
102.969036920147
85.2635168132542
97.6491230312177
129.122640503325
107.319745933284
98.5526926908271
118.093000445243
115.886809438535
108.948356502102
118.713264525741
107.06974077418
97.8311140514162
83.7331119719196
78.8085246085678
86.2773563852637
75.395379564909
54.3316715816654
70.8539264906646
85.0347222603038
82.9204142909661
98.2496778220719
123.333967199343
123.051757708387
49.5139325437638
82.4043779540145
115.329649426125
115.288427768112
111.361879218369
65.8930279793669
121.374667232049
82.599922036364
84.5902261030309
131.364155943596
80.7345942954416
32.6562855152655
25.6710913340899
6.88576691012367
6.824644653836
19.173683209558
65.7611224598617
116.42093520802
107.913607231237
117.017682196878
115.025214660928
64.4925790209333
67.4750741642187
93.2818811210855
92.1443803268243
111.652709848
94.5673056685151
90.8099434273204
73.150358059739
67.9097866625238
87.6928241235643
75.1226232031295
27.4778756910886
39.5820495098074
74.7498449528879
74.7900492791015
100.354703326692
97.7596133643259
108.487169585941
70.4835572895917
78.3857056832766
85.6125770527265
73.1874834507451
125.974869197584
55.6093371825095
94.2587337060413
82.2056185135786
60.6168344880764
101.71266043041
83.0518033997949
34.2659107959727
10.0759925776364
11.9438753227337
51.056738693104
43.4865564902179
82.6849261781049
96.4686035842701
90.1301965288699
130.023226969199
92.2274869229069
96.388795163414
80.2032733201984
51.7439928608812
82.7237179504465
90.953462542332
68.7461158196756
61.6324603138866
79.6716360818778
69.3901447308132
36.6639712668843
24.5403752216928
49.042918576492
68.130846435925
71.2217253783367
87.3767822423852
88.8848611395513
81.518080322624
85.6479833334976
58.2786997591813
68.8428293599111
55.6698041121632
79.504379001189
87.297907557621
84.288278310505
67.7749023274726
71.4580879480912
93.4862381751252
88.0580337737823
44.3731052600395
14.1577941115171
5.47058015275986
28.0674799966099
130.898700797569
80.0684193367821
83.4344551702033
72.5857451708638
87.1909048905843
112.096497836757
75.6313505280634
101.35551933787
62.5313988202726
53.6648028543337
97.2399177529998
107.623702289599
62.5750896113179
42.9826599674689
54.2612199473508
76.1480642324205
38.631744521566
41.8480377485195
101.578063887363
76.2092529045302
74.857223250893
103.11181088592
104.017535360805
113.473332101183
96.4877528089877
86.4558867240874
85.5328063923173
63.7151101421248
84.2785675965999
101.122809024477
76.5652285948699
98.3016641245816
116.585100189941
71.5585861307363
94.8781344393601
61.1818351725803
17.0284789001786
8.18926929136963
53.7702148885055
99.2240532387222
116.548315236901
153.507618923191
53.943445369525
64.2983739517693
99.5099132131535
92.9063239799118
101.811146260577
105.123601786071
113.04092200337
117.607722518558
89.4446011027871
80.1682527268192
90.2400712087046
59.567365126998
63.6667906270911
65.0348465698392
57.5656105043695
74.5064301565564
74.7632777749975
93.8478851636903
103.649054851076
101.695513100789
104.682643328322
100.102758684827
85.5166088789752
64.4137536210477
89.8208665324264
95.1876975089945
98.9414183099558
103.231087403271
110.190264762924
83.2808728407147
71.1918475289588
47.5276653065824
55.7421735158054
11.8272223735675
75.0067401378342
115.809794124226
108.147113160823
102.014749422548
118.9013798464
108.7709734031
105.848559571536
111.156966095848
121.633552158883
113.012266086559
103.334753653988
117.635348044329
102.936400787141
79.3939828108165
68.5420306723278
79.9344621183321
75.1975626813183
67.7850885516261
85.5168584433057
87.0014519585585
66.9473388682243
65.6688357529542
89.0426905396765
95.2911686687988
98.7417631547062
105.841327991632
99.2198260140578
84.0658480857541
72.3472175727024
67.1386253417111
98.6710268047176
80.6856362648171
89.6637514656687
91.3211189175267
61.0510022685214
65.189170172308
31.5221225667018
8.3522178980452
7.88602105272465
73.3091025634385
74.4283136283201
88.2420855848137
103.461160624166
107.044733407378
96.7140453125105
63.9295518078213
50.0330032562618
62.0653714909756
86.2415894413218
88.0431443709842
90.2200708990134
82.6606694131774
76.6036813775705
65.7769770779549
65.8740065983206
103.385281594289
59.4946882655429
71.9900858246233
75.0004374906065
68.6140104099447
58.1911698244797
86.2195187404916
85.8125015225945
97.3572847672162
95.5875564984186
90.7625844838438
92.4192902924447
74.3228193271172
61.2545025202197
72.0375963895104
83.403049486421
42.6894641660675
87.1678932711033
89.7778072578761
91.9743397888218
46.2680264710837
8.73912582027566
7.30397106084169
21.9233118840983
74.3671385245018
112.792838969103
125.336936891166
93.5237427442328
106.053405898813
74.5332735165728
66.8527745007423
67.7709265247304
75.2883853634936
87.0712546691118
99.3154527942323
93.884528509468
87.0114625940492
89.4997009723907
69.5966648179483
87.49503071005
91.4057576087133
63.2939780977363
80.1768144987811
80.6052005163899
65.2622801559046
69.3067022632218
93.5799729324889
90.7623223426497
95.4722260682895
99.816358078858
93.075060401693
86.485725851387
84.6038583252717
86.670342457024
86.5858192185566
74.7705594309042
32.5486770375359
24.3222854558232
22.0552674265617
14.047709195544
17.8318770874389
5.99838391553386
40.2703231904687
82.6038970840068
127.034183853707
111.532644447369
99.0909900062806
62.6137993814697
66.73169482324
70.6577446490571
82.779348165639
87.7481795776383
89.8915771536018
87.6200073232417
84.4292851497641
83.8542592556575
89.8939781642732
74.562247240016
83.392579338195
91.5338066193821
87.7937574926843
77.6750389111511
81.777875574828
63.0325752098994
91.4392315954623
99.0858815520146
94.4227402882982
89.1938582379408
98.6494203826252
76.0025262735097
83.2334309740157
53.596059614081
71.2671252680107
64.436861961996
73.25756427641
69.0448842642147
34.9919700131535
23.7481541909148
21.1024491285489
18.0676932825733
6.91977532040162
60.7183034374042
94.6462337830615
89.7569782540195
108.17495499391
103.10747881426
73.8075084893406
61.0290005675981
95.1394692681574
78.4701068892247
96.9990475892283
87.326506881726
92.7025152120795
89.8321351355113
94.1151317497676
86.9204801795839
76.4318084242518
63.3843867015824
77.0887165792502
79.8484395556898
66.1899102059226
79.4280616674554
79.9830814668684
91.6319021388579
95.3994627780768
86.7107197041232
87.0692793766904
77.9376599315909
80.9920933118057
89.6032046620806
52.3027595758189
68.4394710687807
57.6597216722388
52.017521693705
80.4630696078957
82.6945284513147
68.479525138523
99.5940884529274
43.1385806439943
6.02744166062156
19.0068437524168
82.0659093884919
140.155369732669
93.3004733719138
105.612407550432
96.0834924764146
87.5613830444299
86.9574922871544
69.5673960929927
83.9098435228936
86.3032022133641
89.4666953980777
87.392744565387
83.8415105651107
84.9426905205884
79.0932339784457
64.9323026176375
70.6632642775513
70.3061345439921
77.3820919508387
89.1166869744963
70.9960799918942
73.1937523555069
91.4756906217785
86.8124879859017
83.6279008568825
94.5148353027949
86.0295391918662
80.1682747358789
77.643026093568
63.2630149284093
47.9854748184923
46.6293247433461
57.929195798997
57.533862505309
55.4838445697275
67.0659569694014
57.5974933228305
39.2428913729502
10.1573162303706
68.0073868718988
153.087731166839
104.511465207094
89.4255709725611
85.6914810510763
108.065269428946
42.1329779972164
54.8620507493484
75.2114645546663
75.7228957635874
97.4601992046841
88.2969998694348
93.0698604381371
93.4061647223899
87.7579337914417
64.7398645305411
65.4824106110747
65.992269291877
45.6260517729458
67.3717544992908
62.3693280613401
62.504588516808
100.015443936579
104.457997082759
100.59345360721
99.4226145085945
82.6482140914252
73.6907314633119
81.5790030638419
70.9618920002703
71.7853674480217
50.2818971151459
30.1474720175933
33.2297255139119
48.06725636583
58.0401432249182
53.2074099436137
13.9896509193705
21.156813616548
45.4188007610696
72.2221365471858
93.3538580132401
77.2775352000838
93.7400894497454
60.9846235775436
32.8417106912197
106.94876755543
91.6919246266627
95.1832605044682
93.5033317116324
96.7037690652271
81.7979819502957
83.7231824996866
81.5574605116241
83.3524313403893
73.2028683384844
77.3608464317898
78.2543375137397
69.3702531316498
68.0506242190349
64.0668566908299
100.161628850678
100.883777972381
117.198991174302
105.590454265158
93.9699616472899
86.5107408015251
80.3391969207629
62.4319268237178
84.3295686966217
76.7486637908615
73.075797582481
76.8247484927482
83.2474101236255
63.455602477235
29.1685644413616
16.3912894441282
36.7691641328599
66.9320593592674
106.978709590627
78.8685439740319
69.4531140890349
53.1767167945993
57.4538168497562
86.5934505992091
92.8697328991422
88.4782402101706
105.961069678868
87.0320260982221
98.594251807596
102.870334735941
92.9488749647586
96.7958946833682
86.9266954500889
91.8962305374898
88.8688690400014
76.5805497777722
69.5635856810375
55.8310094412898
86.6134750119077
105.79832186169
106.334884530944
84.5207009308025
87.7707666369636
81.6511973093577
88.0174353140924
77.5038721588294
98.8123627799472
101.580255628741
78.1145230807
75.5960901703893
73.7899404190269
40.6076874308333
38.3389625098394
6.60794631923923
21.0552486825628
49.824811449271
94.8766866193673
81.3844261554383
69.462569370681
119.74297026803
97.0771388855982
104.338488501048
92.3373541193475
93.5964280820183
102.875369102631
94.2075432104474
86.4636630566692
99.9805978533863
97.4081486487846
96.4126960373724
66.1543263565956
65.5794839195416
92.2474191749563
80.3817029845422
60.0788472610784
69.5804388674022
100.902114672437
73.7433369664179
96.7020382844808
49.4330997162623
76.0683271113944
90.7419145207813
73.0083469308119
84.152153406201
91.6478822381106
84.8933860953329
77.5546208765212
81.8305168524512
60.9475674363257
65.9335986028736
27.5801659150905
6.22626596054981
10.4980623077449
6.62862448893962
19.6084192534592
60.9532212110453
91.3455909202689
109.117437012802
84.9798093891897
84.681846722113
83.3357134336018
88.8998306559725
98.719247219042
83.032154146486
92.7897726010494
106.208098481414
100.143423095067
79.8605366939705
67.5439919461355
55.5926028198853
51.3977162431554
72.8309304435061
82.2419290474638
60.4296113088898
47.5760202225421
48.1925739810333
35.1853577561215
53.439975667068
42.669387582514
45.8591604625313
62.1140560997973
50.9931174752246
49.84869164401
54.6641695610067
89.5084979240605
80.8574730566404
63.4011884807927
64.320656800663
67.3805858871178
19.8905103345597
7.88506005595031
2.24525805308994
19.1687224019271
70.7055012235405
84.3485496170273
72.5637987943183
57.4471790076803
46.906483455004
43.9867216912862
75.9311767189244
81.1669274359085
107.831198734275
95.6875982406923
62.0019302294415
54.5692472708763
64.7211532349346
66.2585450336837
69.2696914287513
74.9164543274493
59.7573531338752
79.004580056176
58.411397121092
50.6172751361477
43.8345280814401
35.8332360366914
73.2817661647177
64.014424552413
59.1036968900392
34.0809711642452
26.8568425656566
23.3204298685952
35.9880334309557
106.848157295945
57.5774389012418
25.0974259576421
20.8076341717836
25.4446742509738
12.5909918745027
17.5702721456292
8.43535601259034
13.4095988382762
46.3140717568094
93.9813515365616
71.710000089217
26.9730681696103
26.8814354272735
30.2686856676342
42.8124482810959
71.500344276259
86.452390632754
89.8952700687382
66.189785659396
60.7306742543521
84.4774697088298
79.4923815362091
74.4440885907451
51.9714774901824
58.0422891489269
48.0573259790253
35.1033745374929
70.3675556908582
69.6809288876135
70.0054506349296
78.0436843265028
57.4563469474259
56.1515910187584
54.1352984553342
72.9966540021922
63.8121965451192
62.654485619027
82.223632868028
63.2905155393018
49.3050192801428
31.4458515287394
32.1253498250076
13.3288764540341
8.74918312480152
37.1891682124122
67.631766330615
55.1896404229668
33.125588567186
78.3447008508931
103.922055430386
93.8954834083374
78.2779630767118
88.0595734700916
93.5903270047302
82.0885720181418
98.0695537069719
103.394861673625
90.975121587232
80.8099014720406
42.5423369600811
27.1716759966525
39.7984738400563
33.1253620642409
34.0173409815183
97.803695672313
104.463621711997
98.919104330359
113.047381894015
74.6054485160657
81.0258639806435
86.5336211294583
86.7048471450706
76.2824741989542
73.1502799700918
95.3580442971312
80.968388876105
56.6036420842151
47.7259909796356
11.1166715939684
12.2584088162436
19.1917059559153
26.7345935405965
16.3144636135467
38.8626988455684
67.4340054954791
87.9757339683524
97.1887047738111
100.969461181646
54.0950063530078
79.9058190802957
95.490718491558
80.648375320647
92.8011230921876
88.6772265076966
70.441496804293
25.3462796069932
51.4190783539348
47.6842206370978
66.978901494733
91.2160422140849
102.03049755682
108.103399277082
103.574678496616
103.502681466711
72.2599540135927
81.4483293924503
62.692911794182
60.7363194193099
95.416757230082
60.5572764272324
38.8022405169522
54.6961376058772
18.3682715945897
10.5524552442524
32.3665800114565
56.0661472263976
50.6709186439876
51.5202990386353
86.0606782397381
88.7716606790064
72.0751607426715
80.3256912077922
79.8887513330036
69.7853810816469
73.9810062092777
85.9996422159607
78.3981263661707
93.4624394592962
67.1266403764668
46.9287736575947
42.7206326622086
41.0743678831307
77.9070863125147
69.5814197271438
87.1685896296794
102.62869491043
92.7158737085066
69.5302529469097
67.5080711128262
72.4511047145768
104.258581437506
89.1809453610381
115.944386546684
89.6783251074462
64.9299735727905
72.8386615659747
16.98724569914
5.46259183785072
41.3515965571305
93.4591044942531
77.9541494230375
84.6437485405515
76.91990885638
85.7866067764221
77.740109853415
56.902496383377
59.66933080127
67.8487943160428
83.5209865352157
100.10305166457
90.4019833751691
65.2939560721543
42.6896660140989
39.1564440981635
45.4684397743311
65.7312496838402
64.7781829527764
72.7945215336088
72.2123458850494
67.0498158481357
98.071346284965
65.1605732308997
61.3515361542549
71.0508516870864
70.4567614954958
67.7938968626267
72.4017133660463
73.3334452733817
51.3594817972243
16.1652571850013
35.6284728760021
65.8520221646852
72.9639258249654
107.133866440468
90.4636680906413
73.8012946022319
71.0643040798554
87.1419370149323
101.674900765384
87.0523484902742
98.5807477871375
97.2099549236261
82.4981433969227
46.7009444331711
33.7930088587919
60.8238518550402
103.509977369951
88.1318148533116
78.4983989710843
101.119512959222
64.38237576918
94.5078724185478
59.7328667547422
70.8824335971759
34.2934108022934
57.711574744272
56.5559915081572
83.0796263732524
37.5731550373647
17.2147773333873
1.46658720614827
2.15494230783762
12.3314502856774
52.6033317751131
82.8736121512631
69.1356342157447
88.3852161766096
88.9621024193424
113.728626086751
105.710339662064
81.1834487237624
78.4515301066719
90.0450083422515
97.6525283404968
79.3378585844655
85.0046253668234
32.434571019637
54.0464483960437
64.4520141019434
77.0334504532523
87.2083636579978
92.3515915023686
44.2550213648908
63.1503281706368
38.6962171814258
57.2107873396644
68.4721368349385
47.0550474815386
61.3897794558517
50.5018191094647
22.4403247817
3.18671733119937
2.21479994623735
9.89465847672279
29.901890845498
71.5482946234898
74.08644640006
88.3971181105457
94.0605533981456
74.8633975512268
90.4957046488782
91.0652948139082
89.0638529654896
114.007191589395
96.6912045607388
108.410617416422
54.773906871934
34.2541482086432
68.5344012087193
76.5765790225912
97.0928509495436
93.5120978235021
75.9398380269138
55.8641390529795
59.5837892240292
36.7594667238946
21.510322358419
11.3145365439545
15.7681417239749
17.4764612319463
3.04950751383101
4.29484404098566
7.31722148552522
28.5310551139917
81.3500005507433
56.1405456306586
41.080012520311
42.9537860342572
73.1096992209017
78.7236474560365
82.2422307264916
87.136903731011
108.667482204081
79.2306330885832
62.0748342123452
61.3086598405136
79.6829896539368
74.1473180213977
103.129922229381
45.3751556926704
43.2840143459692
42.8754453663398
25.2836329897857
7.5657276367951
10.7386331464536
4.7110421187454
1.57184704366353
3.41844874899102
6.16961440436465
8.0431037658862
21.7127662840356
28.920528277831
27.7178773454332
19.6804210105218
34.4511074678972
66.6762356806139
91.2584343595664
80.6509637615056
86.2975752071982
92.1848878144753
76.7955236007374
87.2975008486213
104.721447665082
76.1606901375785
90.1201190572225
101.249057307405
65.8331171268982
32.5794308683463
18.5128501987453
11.5362060794558
11.2728546826953
1.83702948383832
3.20113551780976
4.39030884713709
4.46145825797691
0
6.61941844471694
12.9588541432862
7.27953453977958
19.9300414058237
32.5634003786508
50.6718492202562
63.1800777473456
73.3636694208316
81.9475000531253
103.359632389941
104.263399926385
68.844639479375
60.1919715267237
93.5808023238583
47.1257514343131
21.1797552156447
30.4510441577988
21.7318245585753
15.5283529253969
3.36081990382555
1.96708586363056
7.21341211417632
3.1194712962618
0.0682836720810919
3.84603061218836
16.9150150478843
30.4625315377943
35.2863107458729
40.984973560692
65.3153604128789
100.785155620206
55.1776463896087
40.8084635391138
39.7019525907338
44.8193727625753
19.0561651873157
7.66164274873898
8.20305775075227
24.8965964991658
13.1125487351945
2.91678288014764
3.10975103821085
4.03276284967062
3.57254226764255
3.06151202556357
10.6788942140111
8.74074417198463
13.466699430911
27.8124910051975
41.0472558837072
42.6877971745364
20.2134031516177
30.5196146623182
34.3778934554575
11.7327682385141
4.71129776649008
5.83040502875226
3.78021798491834
2.94728043047739
3.79153964317515
3.79985133264707
1.86145520761882
0.946168471718111
4.03838165936994
9.85267615298476
31.1211175663158
30.9071562353072
7.18485652806791
14.537463233285
5.80075109206651
4.34464363837064
2.8946657826927
5.95092985721841
4.12618163194304
7.1253607924056
2.33514977356329
5.0211612495748
9.34573255644588
7.38225109154246
5.46228809941654
3.16384877159644
1.93585780211754
4.20035758838744
3.10741187521768
2.96686006548845
2.51840025717746
8.04883346405015
5.41952441771044
2.83874334760394
1.61441652998655
7.33585961457714
5.07956508897305
4.87205724245716
6.95374864743588
5.8754079759561
3.86837040638266
2.09147158772693
4.31081597429093
5.50267798692077
5.604424864527
3.42362616321403
6.55787099018216
3.55007962003381
4.70157591406177
8.56915510315699
6.17739420173623
4.95825212236818
5.05789193317585
6.32215546659424
6.5557706436743
3.54926169055561
11.2011790048723
18.6671664769129
5.24145464512747
10.8471231201599
5.21612479934421
19.1792841589586
29.6488129812478
36.6973165698355
20.2789565252101
9.23335573646423
10.2037698765053
29.8562677703013
25.0425837528432
23.6646136018672
10.0774216506432
2.17523062812617
6.71200952358517
7.3013622909068
32.9218316697106
20.9364856457723
21.4590180608626
22.7859745543763
33.7528363298225
33.40543825362
3.576713526436
6.5508879177959
21.0887356490332
40.8061610443373
48.3881184349179
47.4296653152386
38.1061027388643
53.5706442878209
80.143216688076
98.3397220929962
40.2293119112394
33.8567173042516
30.8178740411531
10.3843211973056
4.00404409261918
2.46299326218239
13.4886527129995
28.8149581750336
105.207553619994
50.1826780084046
41.1402173467055
42.672819435299
82.7474411706365
61.0675154679746
18.0639420044179
10.4460292977916
16.7972562420784
19.0591232511872
49.7732392929299
76.0889540419943
59.5419103683932
51.9225659045728
45.7268325367381
97.0325047156613
43.6597537269278
31.6962436801401
54.2861419425803
29.8551082287718
11.5534225817448
7.57202729741566
12.1325118942329
15.6944666955547
49.3071562050838
58.1499101317801
91.6556769550345
90.839287475141
70.922243138219
36.9180906707477
51.6202967287975
21.305778226254
6.7023251807948
20.7060707384592
82.5068021104072
22.5920855066222
32.5965050052818
67.5209752528716
72.3663205061071
121.889477430553
45.6873875230742
39.3493920176622
93.0508536368661
48.1450614030939
75.1818075718527
77.4743531903833
43.87509310825
11.0258444755078
2.76123456844025
0.764515342610599
13.561002961781
28.1987991188712
54.2493579255949
60.1352526803016
82.6663044811103
71.2897373212927
63.6059458413692
46.0766254062179
38.1391568953824
50.7554954615436
57.2808101597145
12.7173218224368
15.0886559207757
53.104367716268
22.1273000684429
45.3798351403954
100.281628476995
79.6260889531674
71.3120795102145
98.5438937491562
55.295438306503
112.326305272448
76.7954506167788
136.631572429668
115.477738443
43.5397343153452
47.6382252596048
7.52733739321757
13.5840922931108
2.29874449245413
20.5865409081556
45.3342761065894
81.7265351136665
74.3153690057609
63.7345945210994
88.5136268232817
42.3068115020965
103.03625438786
83.0204548828053
40.5070256696859
49.5349934703495
36.6047308569936
16.4480077834686
31.5869808023043
96.3262381453682
65.6943946411726
53.2881622550051
59.5612125216495
105.386937732688
83.6593298844138
112.396713474329
65.6401773267266
76.5705691969602
90.9015818022563
85.0452251380751
89.0293990378133
51.6847931175808
67.9056425988649
31.2472845913067
4.00395109860579
1.46148450065572
26.5497634043617
56.6191175511069
115.807293390343
121.038200605396
51.8527129228036
60.9947634934883
113.314835222549
72.044118285524
81.9517685502241
84.8567988487708
68.0814083543981
50.1164339730876
71.7366461607392
67.6900827852251
91.3564756584094
92.5776210612678
94.3731975338277
66.3471342690014
35.9049897703271
119.397097605678
130.208868115652
82.716697623475
69.7396310268632
84.5645134947105
78.4870616630561
83.2671555050841
87.9165473767833
51.0154345044944
93.5194501851477
49.9948032205224
7.3216003459656
1.8567104840027
20.7040706196275
67.4109178233509
18.5491881867944
51.8059483731717
95.8533611971198
72.7741261570468
82.4256642912675
101.082864988552
98.4650150614933
101.663935248705
126.250768916368
86.4711688603826
63.0149774942237
94.684751769068
110.074863311778
108.632378496914
87.6381261439611
41.2136770791103
87.6876838822052
105.754010231064
116.431994549181
101.144341281833
68.7920431662359
120.324805856595
89.2802255688585
53.988027868964
65.8491119521608
80.9893704468848
79.763168176359
74.3560570741608
96.2453958589276
31.9608832367109
2.43089730838558
6.45461683507502
20.2479461320653
86.2533260796761
127.7342943006
29.4157751285243
48.2669999281676
108.692819216915
114.709502930487
57.4216842415785
60.3021822537339
105.149902799876
126.890984913717
117.119955788175
129.809978482367
114.084486393563
108.679967165506
76.7154989252464
89.5209786048108
100.713519874953
83.3530433400689
71.2545524065831
102.865886257027
93.9702890082881
123.6982335877
105.218803207151
84.8792845041911
75.9141983358146
31.8154813302006
53.1392629022284
116.370452043045
99.0869983056644
79.8706299332534
50.0718835363311
44.3327468807146
5.94258960396467
12.756150147285
4.35617166707747
41.2259898902952
98.2659766607648
131.164565941053
150.430628193494
126.02290417594
98.7198061463987
86.0110401696749
69.9331127591491
79.3386046507189
124.674310375007
106.262471046349
92.5666377592923
58.6696522986702
82.8406723520821
114.937019278376
66.7748748515252
99.7813341106908
130.592837935239
105.795321235194
113.438076681671
114.796597335751
107.905451696445
115.521958829988
75.9131546021725
76.0004284577455
77.5294259650164
99.64224581003
82.0628804656372
61.4822394503518
123.656996884774
72.3595152820803
80.1085470925517
50.8812169049909
32.2032382601601
5.88793828923041
21.7836052170596
89.2250506047177
97.822699021855
97.4615920605409
97.7786016441941
63.8658378497461
105.46870573718
108.414696532306
89.1095801169197
117.391622167833
128.224215962873
102.453255279036
107.022541990551
66.6114665890996
65.1095310719348
120.551499215178
69.2152260323687
26.5180978264325
73.1957520892271
88.5252388734872
74.5023746926874
106.951252972596
113.428619661659
101.76893016168
72.4497931118303
72.2288174772989
96.8879774651157
107.368614906683
89.7828514154909
48.2370438570196
82.7054146489286
94.7602982541477
108.509130677919
75.1866658034283
75.3261595705774
10.895479838672
9.66602431995195
27.5445487945523
83.1225745555343
133.273612030609
107.283368017037
148.506615801215
73.5894174640946
106.637503494494
119.365578146901
114.487139983501
63.0484031426405
66.7989408340805
100.856917769877
92.3309867156851
93.1228748571193
87.9964713783436
102.429731309129
51.8539009737481
11.4624459783537
25.6834953967555
67.3309834581955
65.5011454466541
78.2051342642721
95.9804806859981
101.882215458082
82.4809781394805
88.527647900995
94.3186715421137
82.5930984928072
107.508274889249
93.9968096927351
92.7848245295822
73.0539479330055
74.526957625628
52.247947198586
71.2294475226653
24.5878891873561
13.8085023488662
22.6016225823383
63.2846786562946
70.2738082554111
110.490655472246
89.2167916264176
127.851655441367
78.7642805979054
96.0696546003343
100.279932588051
111.170750312982
47.8133143485107
68.9262860552417
92.3850141534457
82.295061068232
50.9502684335006
80.1129490258866
79.7788507489953
50.4823626708373
27.6851985009662
61.7237076938421
58.8296473135169
59.5321512723633
69.8528975004837
98.1937559058109
116.271638482242
85.0913121788643
85.7626741088982
96.0949411567234
65.3184926532893
43.6932280464504
87.435194504657
90.6706137323048
71.6031544468235
62.8639019855363
65.7937245039177
77.8190498256555
45.415213891865
20.6985362405612
10.9549912297153
41.2175178961049
89.0089370137091
124.847637791814
92.6208255639756
71.3178713585913
71.3872428257262
61.5628059174565
94.992547022307
77.6250357526079
79.3865921093397
93.1350045197261
129.482881704996
105.430341287124
86.9962930441531
73.7986121127662
101.587407655484
83.3634453763248
51.6960729421747
38.6821978795359
78.6035443766985
90.0658845674528
91.4230434752534
100.270412226628
119.459497785306
102.287732522741
89.622138878941
114.919118770291
89.6560086937511
64.5734984557358
52.4405450062092
90.0603630000341
114.454929606039
100.796457362416
85.287857454466
109.338582719514
84.7124389254531
55.2791258036936
7.24691581705046
11.7146788196237
60.3156138473058
65.6394918435231
93.7248024567095
120.302300128662
64.4727289134417
81.3538348623937
97.0130165283212
77.883602071872
67.397193670787
95.726639386682
111.756411867447
119.054112342289
105.333186329659
93.0781321002612
99.792244260851
67.928438248489
62.8495677524443
64.1041477320788
48.673715664115
34.8072947243132
35.7208300425282
61.4173678403304
100.911006349971
92.5992214645088
90.0120702781103
90.9864438573486
79.330828603698
65.011202022876
91.392807436586
81.6080755634037
99.0558840270026
103.73535671873
83.5642060995295
73.1477121616143
95.852268336805
96.118658823151
49.7334869666394
5.25736560531893
19.9281823761371
78.3913719196232
141.855452145935
92.553245057194
94.5744711407336
126.656484521846
82.080477156946
71.703144156758
107.943373888832
111.927268302414
87.3337581690532
98.5566730848002
96.4772564336166
110.343168753323
85.8372992284623
59.9588917107653
78.2512346175817
73.3988641083938
51.9505408200794
73.0405155763908
58.3408942798166
50.6316690558631
64.6529227445559
95.7779421534456
81.5796036385047
98.4817173107039
101.993505861434
77.2945070761219
61.8215418157135
47.3497437059737
62.08208133288
67.3955325523685
87.0548933339313
89.870927953579
83.6304671826237
91.7308077499897
98.7576796712027
55.6765924346827
3.97412682359144
31.840130489195
64.1859788722072
67.2354637154223
109.116976833953
98.3113735618453
113.825534763209
80.1912444944477
61.4138785814003
81.8442012817701
88.4530360416586
68.1551849203186
99.6474175591865
88.1489673522675
103.909887923701
84.8717984396303
62.7694800723436
69.3008214329432
85.4617063141925
76.9330525454181
62.2147548106013
72.6190521579057
94.0344304735532
97.2728354737467
82.3168020234148
104.33205449077
88.3833156306806
92.2215586342346
84.8560485929241
89.4010556799819
52.8641290614445
39.0643263406522
54.9043932193311
73.9516826034503
76.4807966700192
85.955700776324
99.6590607845955
117.260663341161
51.9882853056005
8.49512140137761
19.7847444371121
62.4840947042923
114.403527983335
148.823373771601
123.556327568391
102.564003750266
110.14765478299
110.18266018242
81.085210208607
71.7812158605856
78.0965032786063
79.9288043802131
82.2478320910502
90.8871619557104
98.6685724267313
82.1916227847934
104.945711968945
87.0381641411279
89.0399652990069
86.5328691586545
78.6190420678332
80.4647047084084
79.7186420305573
83.097401096743
95.5234022618072
93.9836253891957
98.8771961717093
95.7684736309863
80.8176426913699
75.0561692388715
102.107565793414
63.2564131001881
80.2669645285653
62.0750121312395
32.3835826353817
27.1927393819301
33.401085352127
26.8028737547116
15.7371857752603
80.2824094700505
106.726134467222
135.372408095499
81.0587890907854
47.3029991461393
93.6441746967288
92.0572001985362
78.5810427969033
79.9753901023797
93.3098711623328
82.1026062935625
99.4033253300656
90.9343122007832
94.7016451759973
74.0091155081533
60.0290197766377
84.6314413702324
95.6592692339102
82.7934905771156
76.7242967180593
89.8600871805623
86.9486120953338
91.1670930118707
98.0025250918455
91.8200693163517
90.5362143494509
80.125616033644
60.7098965919195
65.6625482695207
98.0464252452557
59.9620501155254
77.5601061905918
86.6047413160441
66.1410551639945
42.0368341014021
20.556501612469
10.6311319662045
13.8304541553227
6.75632755116542
27.2641911942646
106.410990997834
108.047684803352
125.514547570787
100.362999375316
87.1741347468786
101.599744784987
100.223337432818
38.4045195559408
75.0426864265827
82.5561204293914
96.998701765469
97.9464315196737
85.9015748528821
80.8182089500331
70.5630128529058
54.7861943758367
58.8057943872406
75.8586700172368
61.3156613010212
92.77491872869
86.4755292812222
88.20286770011
93.6429496543855
89.4446533822768
70.1085473443343
103.964595817924
81.1172826683108
59.4471175927276
66.9713993760336
84.2493836043156
50.3494288186106
43.0894391449656
95.1606735960086
90.0389956350298
60.2659403479159
63.8719793068408
20.4556605953931
13.6949172362157
9.95473700417672
25.0158831167397
115.948081681075
99.9502431642884
97.4357571798634
114.160490360858
122.110978412573
85.3871901326637
86.5033028149231
44.8922664193156
50.983150120918
96.7083637257711
92.4191779309608
97.2998190305829
87.2508378735107
71.9193018527709
67.5789608250603
75.0426581156169
59.8035158691933
68.5653071715569
81.1993093657954
76.798246159646
77.1063699974504
68.8571623789559
93.9523117761841
88.4380922245035
67.9683887806272
82.7012097261931
98.8258633475993
80.2196660899404
59.6898178447565
82.2132838953412
95.796857328996
43.9004553699207
36.6278949004708
83.8273793223868
79.2634939959361
63.2072232899428
21.1620711161998
15.8447817567307
16.612896719168
21.8699773936252
122.521807516734
136.708219101547
75.1178247480029
105.200998572185
123.181464038428
94.7110926658014
74.1522634029512
64.7585437608668
61.7074970978754
104.63717553221
97.8741407369594
87.6846424078368
95.0205831803324
88.6654031088617
83.6039911389528
67.5994745058319
83.1934882227732
88.1977807642678
80.6302161321172
58.7919464032515
68.5375957744184
88.8768248678418
101.445308254827
94.5672980430428
76.20622664704
71.3761962091937
72.3187729055203
62.0374624411567
64.9856885105692
79.9000735327998
82.9161680337196
70.0986356887178
33.5183183672525
52.5425201203933
60.9358635070854
58.594026621594
12.9799334222125
8.96845451557869
21.8219288250973
61.9432366195746
141.139852643734
80.0039798201945
119.854324795064
54.7493392834373
75.9536822965769
100.167654617931
71.7437669830201
93.2928670793468
91.8912864606423
91.2361563856911
89.6168963347918
88.6261646880133
103.281194039495
71.3418469167739
68.3364044436574
88.4262992893352
89.0075150546937
89.7343337306884
90.4639332803943
84.3399577360062
105.933457530308
101.19781971269
95.943360070355
89.8974028957158
72.7441144233166
58.4607196347545
64.1664573115386
56.6752355835531
53.5729462706058
64.0178977285889
96.1015131044019
79.8630001465057
55.4011446877564
89.9828731067462
30.1017709608172
4.26818320788765
11.6927680573159
56.5265796501006
61.5892461509096
74.2206281228279
60.83276061261
34.5805120869711
101.989877753804
75.5753079841078
102.991846281072
89.0022853418012
83.2310590705438
102.476316691829
86.339375069673
81.0992585694605
91.9718308141449
87.5421755890642
102.326694152842
108.050717340359
87.2261450551991
74.6602416530232
76.2386291100476
86.7178202626712
101.375129850125
97.1682438865679
97.691652540102
79.3537325597639
67.0610278472844
89.8958276209182
95.6435207976636
87.3138637733936
77.3797372189285
63.1703781032534
75.9712139751383
55.9851660156618
86.0987860252333
51.1558956922236
13.2288139432094
6.79015857090585
22.5089085126585
42.1502229932446
53.3920621600689
45.8343418362596
58.6254234465611
99.5044882691056
93.5238340765188
93.3783265737636
88.0500753141955
78.621254473036
104.540032011823
95.6189587071428
87.9264019900887
103.18539843419
99.0435862478401
69.5545533760704
56.3971384093324
75.7215832844243
57.3411293771615
42.9073126273828
45.8204678913878
86.0363427344053
94.1619000573466
77.4854493816601
63.3897150436209
100.819484662016
80.2495736578956
100.968010283455
85.7412993285902
87.5403816077061
78.7193967691246
87.6726155470296
59.5049953573017
63.6832599956115
45.4195944445868
9.67030808732688
5.64649087363621
11.0131872747933
25.2227222723882
44.1348558795645
69.6070551943933
77.1095581923321
91.2125611250581
65.5705708986766
75.6085628905074
78.2149897397254
80.0446032716623
88.2268357511306
80.5748421059966
115.029620867053
89.6726248835428
96.9030512307973
50.274618761412
50.6094103175035
51.267290241658
55.0629462673082
45.1733385536285
59.0670063365429
81.9818771049348
71.6082903676324
82.1734806770484
70.5967050876481
97.8614898810649
91.2299216345436
91.8264462809823
87.0609413683954
53.1835986436045
69.6892962570676
67.2392479949228
66.6415947083191
59.0939098168993
22.719686367436
5.25752106993546
6.07721217095899
41.8875358564922
79.856188260135
79.6438539434757
66.0384423739152
43.1037992560859
57.7270300093125
83.0639079053801
85.7413872197149
79.4173852271839
107.774315445611
88.4319094723036
97.4639269869544
86.4331833615516
66.195488469988
64.2231521177304
70.5605630501749
54.5781794386828
79.7994065922897
70.9521896220306
47.716079340836
63.2576109413858
53.1239971061445
63.6974151708801
65.156188189195
71.0273412093998
79.7995847925697
77.4295151095766
79.7460346761852
39.4674616488737
57.1688849508108
112.966277339816
60.2575621467668
25.8374749103307
11.7307051832702
4.11378336687593
3.14038056534134
25.6452932312057
34.8712810630035
44.3992448959591
22.526711290855
26.2453104278518
60.8691167859106
68.3803739932731
86.4314439853642
90.4433530020915
82.311778092269
100.852832635192
79.4715068164422
72.6771986032547
61.5330300866196
78.5304196026687
57.0604871609978
45.820504232275
60.550518467704
70.8529607231773
61.4285818461472
81.4112088814244
77.6697657542656
87.8923898148982
72.190511310472
74.8240380620536
89.5033122578266
84.8560055562078
60.6740054135681
68.5737202697235
77.8245752390902
89.75061177979
44.2592081875398
32.4512964179974
23.0721217335958
5.16529722997027
14.0061471916609
16.787214764037
15.1628997235697
50.2549730495254
91.1411689411874
87.0335595559771
84.6302301471849
71.0154499422789
80.4072775809427
93.3448036377844
89.5822119276256
92.0714907540501
106.809642123382
101.184431790191
69.0280664949539
77.5008882617014
35.3302980958175
59.6098348019296
67.873477764289
60.0047247405031
104.145275158625
98.0296077135411
108.89530424966
110.970712917876
92.0824834782158
90.5420749531304
86.8561385700764
82.2324672521677
59.6643471136841
64.6403581012652
56.2003672870232
42.4077316881916
55.4549382086948
28.8214438579827
11.2818354243408
5.26072002934212
8.70269758739663
15.8055567809485
41.1484420388275
57.1838009456313
61.1478595464662
76.9412914681934
76.290566196781
92.3428483324431
82.2703957584297
98.3047075445484
97.7354627703575
124.135262004724
84.489477559947
59.1389455632769
78.214903421373
53.3750423135797
100.372264834542
61.9250236596739
59.5561113672462
89.7767173527738
101.749173520877
100.135746914376
107.90824958277
103.322457042864
87.0315723140238
86.7590410157401
67.7722721397599
62.2153038779301
82.3477183030045
32.4005385615279
29.1917871205411
20.8675924089555
18.1061161425358
0.32719199878991
19.209426974734
29.6252176846
55.6406804999692
60.6478811446518
82.7283413794452
106.191096869169
121.035313850383
72.9416376453227
70.8304521460104
78.5929156868476
76.7537073052569
102.25333580229
103.829614369693
81.0908447430756
73.4936728654537
83.8017266163854
69.1176740462092
64.596491653246
85.8420985994506
95.1011946825008
102.288002711976
104.099245909914
108.321720980763
85.938617316232
55.1104187315736
64.7988006347982
97.827285968221
92.9124549938003
66.1004888453071
83.4234049225222
24.3565888440375
10.7190845180551
10.6304091183964
35.8801732801419
41.1700645200628
70.0609355900314
70.7295559479521
91.1456214025608
83.0690077601964
63.6006563797015
82.3212771933231
85.9741223881221
87.0003685740956
100.078224550901
95.3422541395703
68.7868415332685
76.5218941727615
80.0193663302822
69.5761436246396
76.6999127648929
69.2758879821299
105.77691989989
83.3936261772365
68.6242725202764
74.9760139653821
68.0710168103868
68.1094558164682
79.9100298703491
76.0812169724071
64.1730672131297
39.0462934074559
64.3718215861667
20.3522951907702
4.72967694625576
4.23064393069588
16.9389626446364
56.4478073280812
86.4163846687585
51.6330241170013
84.9739815425556
90.3354030067434
84.6810196471715
86.7850500105584
84.9869297695988
83.6329120154107
58.4439443823592
98.7582135328266
71.8425739058543
93.4897050584979
62.2645082193551
59.6528979475882
69.5761299399565
77.1760110057936
109.911681847399
70.1097804691668
67.419431302676
80.6102269631734
65.7774751771811
95.1493871195225
74.0544106307011
39.1154059056873
37.4612386505504
25.2677246984729
20.6248576889631
6.7810014286202
4.73868273754419
16.3514767738153
37.1113805265737
49.2944118943297
68.8028128648215
91.1064920643934
100.531454764558
88.8914482878263
88.3214040175701
61.052695775683
62.3895623439648
67.1704628805339
92.2634155201469
73.4451624116248
52.2026016678934
43.1944071419811
44.0896287325472
85.7095483256833
94.567978828886
90.7030587037506
49.5588044026575
64.6564663537094
74.6363031903566
78.5872802816175
73.7182676160436
45.6664403302414
19.620639416417
15.9599317563319
6.8294478736273
8.57289776625539
8.97181549327382
26.9136156592879
71.0602187325469
66.8315080311539
92.2556757697112
99.0980248018981
67.0411207867546
79.3744661169302
80.3228108174375
63.4355169898226
73.7714289025096
76.4502115082417
56.5682889200778
30.5799371228021
65.8614024896694
69.8843367935775
80.5988295685967
87.3148813599964
49.9153479932191
37.6088130342156
55.2692983970336
38.1295629552446
43.1324558677776
27.5343559887178
7.5034781438507
3.72411209716061
7.18271130293413
10.0448841880617
26.8998062934572
48.0983624959144
46.4178480932962
46.6422016902698
84.8716534419537
53.9625229693398
64.609714613746
96.1598413899823
108.344093700376
106.157031670985
70.3067513009625
34.1973811365837
71.96598964839
79.6187471297484
85.5914239234316
78.5989666099612
56.5820489146622
62.976253665237
25.849598599628
8.27541022147835
7.81491482257103
7.31581295809985
4.7897555618452
2.65427706536344
9.57874293208043
11.9284360978436
12.0562830469387
27.3710356988976
46.8610595467284
71.1818196113343
80.1611107727199
68.8815500136412
72.5146838822751
87.6535059127177
77.8806346860739
51.233412076482
62.8101684444315
65.2466570030548
72.9492061474411
84.4348918032057
54.8482227471399
12.0779613141265
5.94594104957993
2.53557509599722
0
3.15934148038149
5.21112813757611
0.0419724445520324
1.03658648901486
12.2188059176388
20.602206474603
25.7084939510646
43.5580301681084
52.5172626123287
94.1483123086177
80.2591568664356
78.3611819997935
68.5078122851303
72.0717274776256
57.6591685885955
91.3401022317821
76.531160237554
20.4788967467036
5.83542629414074
4.05796478644086
2.93080545192251
7.45076982823573
8.59753671814174
5.89295416769261
4.62335282963397
5.0438350311244
10.3851508400529
12.6285117077478
17.0318270312406
44.8491036781692
50.0013878834266
40.709978717403
37.5598345375363
48.0941957859633
40.2322028442012
31.2988300319367
9.66963135362078
3.44437779839561
6.76010434140462
4.12685087408831
4.7438467551896
4.24391701550457
0.814783198840124
1.00343005217446
5.58326063597927
18.9755190162629
31.9863442364611
26.5437053793618
14.4356725149113
37.1123923247756
52.4819029704026
13.5965943944179
5.56029900484081
3.91816368694081
7.76779326543004
2.67992196782156
2.27958175918068
13.6280770198613
16.4026590410049
2.22575682255486
14.7234254373868
14.4652736174817
4.0128689023484
4.31477733820762
4.03897822250473
5.61434894714346
1.58776022934911
6.84829292738986
4.78012942047808
3.07314440183384
6.04397289777158
6.41561276165997
1.54155952538944
1.91970546366953
1.97938303178392
2.15172544922177
4.36285874803227
5.31176670731735
5.70831050895733
2.36894283365859
4.20987723104425
3.31121799953777
5.72216132524144
3.58263602818354
4.55548536160011
3.41219967171019
2.72436696300977
7.40541318139498
5.84655344524782
3.58237859766627
8.508760634002
1.67636912085567
5.65726316912886
17.7698777278003
16.4284615097455
4.92408093604424
6.56344276723358
10.6035648447163
2.98232586990175
6.53500352603516
7.88498654545825
12.4511088694653
22.6528626944498
25.643206454948
18.4095995433509
8.97423662057473
14.6997753866625
6.07456990496948
3.112672512157
9.16752862868097
9.49400814894087
27.7235009928984
31.1327300670017
41.7935555341029
65.7298738594444
37.8968261846061
14.159751976379
5.30284382249665
4.0010685183402
5.29746517283093
7.23341244992964
12.4892075460663
35.5112396847947
35.9588412699685
24.4553168435653
32.3885889796971
64.6565230930206
13.5840946186655
2.47531903308007
5.8270707632915
12.8364384258806
36.2181755127957
61.6988297767507
60.5137492437365
41.2066536960005
20.2883381389958
22.4864421350602
66.8384337385573
92.0990039038158
38.8961821969587
8.13367821942772
1.64268215845481
5.92085519522366
6.8561953529336
4.69530111162587
10.8623808435402
13.484535109582
49.0969681569789
89.3220070784977
82.7834881944398
53.7399424543098
81.7969182799831
25.718972576682
7.8315944709194
6.74306709883532
16.2756687393397
40.7662194970843
63.701928908522
40.5310696557806
88.1644048902263
86.9536684714962
66.5794137112976
49.1917179244639
70.9223471623462
98.4826378790893
57.4944357386379
76.5887543506261
21.0925228497665
1.28372953432023
9.59039014733558
3.95501744173512
30.6712015026868
53.9952638533518
54.1911585614854
28.7745871677167
59.7876445232447
58.5497592689187
65.4980363165558
69.7856761897589
29.6061518986196
27.7210818885841
23.6549312777594
29.1848897487584
36.4879616757627
80.8175418118536
66.8666370722418
86.9209682641383
60.701196037558
49.8907646672979
103.287438717458
97.5583268600616
79.2991216788354
81.8717628288966
53.8913689868849
38.3792100807366
19.1838116795718
11.1494549173468
4.25123847288368
9.77574475318376
19.1715003914488
80.2233893247556
34.139799109884
51.8740353220816
83.7823262035095
63.8327761091994
110.3470409564
105.992283060672
96.2427634622275
36.8317533796793
43.422632168902
52.1528853024862
61.4434454118253
42.9274167376489
54.079062546808
37.3581952100193
30.0343151670379
107.267789115279
59.2463619709998
106.004334997201
82.1118341376501
63.8891374650092
97.1447945164337
97.977668890059
46.5259632238909
29.3616774584453
20.3156217037164
1.12626154890481
9.42982563549178
8.35402530262408
25.4324938661177
67.2325391308266
94.6146628457227
99.6526671529893
117.005119380459
86.7747685174493
110.933068089076
91.5656667481055
86.8236818399472
61.4872728868103
76.7269471572563
81.2096205372846
71.1976994046359
79.4373486753258
39.3858762952298
84.2038959555644
51.5968067959036
85.353607584164
106.488744026056
70.2602993079585
76.0332701542366
92.2077990344753
36.1082019025362
76.0254309924186
75.6195929775557
34.2548430617015
40.7281137426918
16.9427421986433
7.47581069348864
9.95920878627839
31.8863847063017
18.1657154418647
60.6993133964448
103.020230965869
79.0722206603248
45.9771499651842
81.4650882727546
92.237025926599
86.7213825424044
93.0619628234624
92.228704002328
42.6033867567584
52.8177361640327
87.6876718558363
82.4903661078165
88.0895518065732
50.9540096786041
87.9626968121677
116.83727805821
106.788632047709
116.498358333152
68.1252721883465
118.501743113772
73.049114763192
25.6150244969581
52.0335145901355
89.8923020641114
60.8039064176497
48.2353683856742
17.0393600878398
3.95118545319953
3.19852174969579
31.8535760554285
76.603108634185
50.9415035737759
107.976952388587
107.303565202608
72.3983427384276
44.6142200023332
89.4380716547739
87.1739742398707
104.106914370039
115.051195260903
77.8779685986227
104.870676722691
89.8446797001175
52.0557110846945
73.0554083634132
98.5641176154409
60.8522625722354
88.4373440246625
80.7532142609582
101.700710573567
113.779607988874
119.724067047552
73.294634458409
79.888916880349
89.2849380732859
79.8861119221556
118.240511994198
108.231311438504
61.9381437369065
29.0510898552451
10.5974787254403
6.39544327624586
20.027569781249
73.8181154740429
96.515071565342
116.717364890263
92.7947153063145
88.7750192304675
65.8875284337696
76.3370688646513
116.116572757935
109.193584510565
121.881644706252
94.7711660872963
43.268317019903
72.945315575157
113.341338939141
65.3263515913029
66.1123107883347
115.661134411829
101.607588211523
77.7058516163771
98.6524556918752
99.6550103608874
90.268040909581
73.2843458050373
44.3436616117478
61.794000663945
117.076835593235
91.8156003049372
66.0680801761399
77.5292073721286
97.9229420337991
99.0253382688183
50.8338689701621
11.7292323416592
10.6100435742452
60.5146784516989
64.0067600365361
117.726845047346
64.3069845461473
45.9001358972918
111.367426277286
82.8278823414241
119.223336375782
81.5324368177006
81.8557737385602
108.566543005903
94.2080664599739
97.8866425784409
96.5712120867515
126.014362307114
55.1424077778405
35.6475702207768
85.9922334429234
86.6980858617363
79.5904735338319
101.082930696216
124.360641673841
106.145470175386
95.4887437713862
75.2247445172369
55.4213738208869
103.257923498083
100.571642796269
77.8477765242222
54.7582795374137
67.7050428522632
78.4792390702651
41.8359563945285
19.6458527998956
10.7725727414487
3.6902490270005
22.6785588821798
69.10542283592
118.113300896208
110.711923152252
86.6425820742085
56.0710651605123
88.3033525533284
106.810907513378
105.654040637343
48.1737147403786
50.8163763171578
83.9712768520431
83.4767881233077
85.6828181164887
88.3863229630911
105.672837358296
69.7948432943638
55.2511636068858
92.7093617685724
105.297101638292
109.884263493106
103.869611064313
115.994608248171
118.875577862498
93.2586629990225
90.6109048034457
83.6365829023791
72.2474595752587
67.4275847111384
94.5132461821193
56.2709923586344
46.7792246316893
30.0385633061889
23.5017035881265
28.1031836459811
4.41763339038264
11.4387016755221
13.8390322073124
53.9376478904606
70.0265911484168
66.523701153216
90.5811919069822
113.318402477077
95.2653554864997
67.5603458365458
80.9654181340795
81.1247576840353
60.1137706823066
98.3629507374126
109.125592441908
90.2970525538445
69.0088605294328
49.054078629019
80.0358771366639
77.0192743080987
73.7087731785417
89.5117007551224
105.895996719392
90.1652505473973
126.463872481763
107.158771990128
105.578734265723
91.7431239607892
83.4383979672758
103.3055881306
95.7343155248738
52.2016783744205
50.6348366924188
100.326933923995
79.3509980194015
55.9465662252918
63.895694995011
59.7544993450818
17.9456075130618
6.66757474061226
22.3346671814557
118.591697654631
97.4152275728588
90.3244157460344
55.5290215257671
52.5150724222736
95.0017956914662
79.6404404677534
93.3873420825945
88.8115807905557
86.6343673080817
133.018638626919
113.276502345952
113.793578333769
78.5804437280925
97.729970013319
65.4709669547856
50.8678118270134
81.8266701297767
95.3188027151427
84.9134451733999
86.4642567620992
101.822216333472
95.2049796726453
106.830124021109
99.9558823036165
84.6045260404835
79.991820339399
92.5203446401473
89.3940059606789
104.208196137531
95.533001790402
69.445120012862
117.808848547199
126.028390866045
83.1564636951032
25.502776260185
6.23733033738794
37.5158424463514
89.3636407954695
75.2348709454862
100.436085868947
80.2847952715083
86.8419596779294
104.342869280975
83.78149215819
110.50626671442
124.437013847729
106.001261380203
129.599927000122
111.826399781706
86.5610982003872
85.1723640523957
91.5678641689738
85.3573938363228
84.5554808899342
84.078015244263
83.304695309605
84.4368715203071
81.261986586419
102.15334661576
80.1076718053438
99.1540265039813
98.7705044782287
61.1825003737472
69.1921469741627
94.470244300671
80.8255419531055
98.1353098751617
95.9907852984272
73.1461521188835
78.2939883666862
82.9778788839966
70.2036817033927
16.7889316856835
4.45545215568781
26.7146333491718
101.244348848365
57.958236570013
70.8342326620923
107.64221912499
65.6467193214047
111.368237242281
102.787184885467
80.9591458038138
81.1504957846182
76.1056648709927
115.959462413335
115.225119372322
91.664016984507
84.2329554898087
71.8596523142301
47.4223308082437
88.6053323738503
100.277086504156
85.2205172286594
95.3281291381426
77.6297144225889
87.5227041616889
98.701313633372
103.493956256827
97.6158227145227
84.4722526990842
75.3161659568602
80.5191027578312
87.5455641889571
88.3156334467313
85.1125473788237
104.320208769813
90.0120851259779
74.5658106490359
72.2114728523664
15.0640617533082
13.3792713456994
36.6141609127887
74.2615777619393
57.0557472475283
99.5259418594113
118.686637233667
77.0349849094552
89.4467987791839
91.6876121724031
92.2531671735079
73.8520382762722
102.764772534994
85.7333094014856
105.14444066874
75.9581357804998
77.4286604473102
52.130278190578
43.0882016321021
53.8410674957326
88.1287868040975
76.0640092432827
88.0384069185048
82.1685773434823
100.76712996326
97.4330784555588
104.717779459957
80.04933592611
77.1232474102248
48.9580803965075
62.2510144514822
105.892215850664
73.9565703333604
55.5182599274652
98.9425364448175
116.034206098535
110.237952787194
62.4449477768762
20.7815175531291
13.0977807811832
38.3621210380916
74.7547663788174
100.702311235803
123.121011251058
81.4516419235299
106.372770968583
104.061821231264
95.8949475441974
83.8282588543465
90.622068800375
90.1270415673368
91.0172978705591
90.2971669222184
85.9393103883477
44.4836167396555
67.0140328478255
88.2327007489287
51.5051793637462
67.5641985527083
91.422531515647
77.6068086502705
64.9277607812311
90.3358187231866
87.839074348376
97.9054992425342
89.7586942798737
82.6045392054523
40.8047539800309
29.117628816511
72.3752264901475
44.3880943570264
42.5041408443159
101.416001873878
89.6463592221834
81.6788208766561
33.5708816478158
17.108438141121
11.7481634377617
58.0779596746245
107.115897804681
112.766468853512
60.324642817368
61.5315680845016
102.272823788478
71.0163118301001
47.3919153534721
66.7796503525682
66.5818401731774
76.4374301160135
100.448026350981
96.8645369924732
85.4587744029717
45.0342669603304
48.2579902873349
105.391659284117
76.911842523853
56.6060478528902
90.4706200409925
83.3004333474042
62.426032009471
83.6256285261939
86.1795046692497
70.5568287044836
72.0778990101148
81.4181540371028
31.991616452137
56.03776667107
53.9846392459781
76.9769236772256
64.2517707097703
82.1410579624874
70.1055417278695
53.1657115780994
23.3673195415894
13.6684913243044
6.71647054958065
8.49271038404423
45.9522979908633
103.036797278951
61.4550839992891
90.6106814596734
97.7688312939181
90.2686838826463
33.6947230499472
23.5936409784499
79.4556138466168
75.2395385369431
82.3920970995841
91.391510129743
102.224021153249
85.1942980344231
60.9410341684245
85.8563304845199
80.692055487714
72.1830129880519
71.0346362197168
96.1045899610984
78.4192736218251
65.9231086270955
93.2458917675161
101.692352419142
98.9546120051716
95.0745738591207
74.1805284699313
66.0101164118366
62.3901744098749
71.5197369075763
86.7842632925914
87.8945999362571
86.2267394658767
71.4948447327949
77.1553851512453
47.6394566598331
13.6475913526557
2.61108755743807
14.0309468767792
59.8938779730035
84.9876271272931
64.0442581344327
122.978504442798
110.56940233268
92.27741498018
64.94313544641
38.3218826965003
71.9842654272374
97.7180800252651
106.164235681968
94.4370770564363
94.779058792866
90.19463690256
88.2592564038734
94.9449343265866
101.568412927547
86.6064879162609
83.3166839801407
115.867066812991
92.3063406274785
84.9457251746567
94.8247729614744
86.3374962776267
82.8554137972029
90.6549547601981
87.324958066577
102.446182275153
76.3898575584445
88.1105454369105
66.9907831209734
60.7868320162442
52.3074561952976
68.1136745898614
67.4527730714864
51.4914027527621
12.7495382865183
2.91953938806352
16.5616209090128
77.0563275813724
67.3425818882814
68.332533700096
88.197698058598
103.497418372007
92.6965843539083
98.8171877151502
67.6358896089143
65.7257098341849
108.390278283473
112.403339372616
86.264763928866
88.6049612046459
90.265145605649
88.9352007982132
73.6633681208347
99.5739964215427
84.12558354454
73.0096568681339
77.0154256331547
88.687329482551
89.725511650606
87.3685484014681
88.5990767618064
75.021913592384
75.8346245618011
78.4250033604017
78.9580719848707
83.2760644310445
75.4662480744034
81.4829038790613
70.2269329210939
70.8999879517908
44.2548110067894
61.7486395374114
30.1942833796136
6.48553808782757
13.7699246122198
48.8511971396143
56.2319646677235
46.7102297132097
94.6978856170528
80.4232166978932
82.1782175926852
71.5394608176157
66.9312993608798
92.184853800001
87.2001582266864
91.4307793959318
75.2335147138216
87.157978660779
78.6756408380518
92.3802442143027
91.003795246362
104.414052859133
93.9663176182749
73.0700559975182
99.8004818315791
103.808474000808
99.526531956054
106.841993073699
92.0171074867943
80.6081929235513
78.7483399040048
74.7908326920384
70.5603600700138
68.2438153956781
72.9978521216923
67.5815004671249
69.9301736388469
69.6098462996611
72.4138901666927
32.1176294592053
4.35396555129638
5.86933091024109
31.8879533134252
31.4829793639119
31.9332993299183
51.0934948493001
68.1348409011411
93.1633601439819
117.880647121314
106.056239267863
96.7329632927972
82.2575446199475
80.7365443678526
67.9905989799395
79.1149425088653
91.8758479580454
98.2682748977896
87.9137073642196
72.6626564505505
62.4221292853535
85.2385168098943
67.9174108206412
77.6503303987699
101.663065375108
100.932685221792
98.4365530634481
86.9769832391689
84.2304977388815
90.2266826286372
88.2390821035131
75.7628368806032
97.8845449888459
52.2948669027875
53.2551648256194
85.8615153029587
81.4056911626239
24.0308081426313
6.1312112050574
11.6338297803715
24.7430891130611
26.6489560914886
91.3523983886121
90.5674362538057
95.7711069153102
89.0688645894119
52.8315045898147
51.8151947602746
98.7070537202771
91.0066467075139
84.3247288497665
107.407377100251
103.965033652579
77.4247233558711
49.6260475531788
66.2709236386437
40.4823469906971
27.935638272879
44.5867221725577
73.647060675412
92.3608853074256
82.3541732473103
94.0572231267407
67.4058792539988
98.0971682002131
104.095093789527
65.2432635775733
67.3894128833578
84.5871302738147
87.6891967147647
83.9421226894142
49.2723916810229
9.07469362489232
5.49445338777459
6.22280619177031
14.9760106612853
18.5100233108143
61.7473346811379
58.7239998235411
66.1732832044603
72.4134472301124
87.8712650581468
77.086194864428
112.692381104121
101.208808535986
76.0530649772714
94.002346307137
101.652546099968
107.380358733335
80.0978452720446
58.662707767982
60.638790293978
53.9241976347042
37.0140508751636
62.5463311012414
72.0527858475497
97.588119761486
91.7453023316177
66.9944816542348
66.841333896812
94.2795638310442
84.8661578809298
75.2260711184407
46.9923790134111
54.8177667955135
51.7087315399962
56.3128698632102
45.1222937272717
7.89982849329384
3.05852926865189
3.83092427612805
10.7651076117741
35.8952592915309
52.7099072617585
68.1238469060151
75.7393599854482
78.036945041674
78.0429364871088
87.3132371683623
101.586670096012
95.7678572037854
67.82372632718
106.545228766401
107.204382635378
83.666632994869
77.8397494285553
49.2932038699964
58.1742143310951
75.3476762413445
72.8836543067234
64.5470579574242
69.9976892019172
90.7646009387119
89.247066309438
69.3798046181652
76.2563428153667
97.2698193515437
71.2394992679645
59.7632149546811
75.861428673022
39.6438447492786
40.8534378747851
31.1952228289139
19.3372710651331
3.9105072379794
4.85552723215048
11.4957852979034
19.200568486218
30.4126718597824
57.7211462038411
79.5143956973607
77.6974871050403
86.9776429839706
120.688366150697
109.63320261323
117.104226056942
86.7005679122384
92.7458437216309
83.5354879497257
92.1161155292508
58.4884707571131
76.8112583498922
62.2554435200233
46.0749137205726
52.5371314765745
78.8574587739408
101.755367414278
94.4349071824336
74.0212676752085
83.7247512580555
76.3773977092765
68.4034312368985
65.4593915979126
76.8664447057394
66.9159856171225
45.9340462620215
45.213148305068
34.5267181146524
10.8390991968964
12.091028083219
9.39842300034102
1.54157944909163
5.68415793389957
6.99515873145231
50.6497254044449
82.0098870949575
69.3115286676912
98.6395563513006
53.0162874926324
67.5538227610559
102.703123649541
104.058844582728
96.3688033926224
84.6189089238872
91.526543857946
38.820643258524
35.3759221031698
44.6018090514822
66.4942981844207
42.0827577891771
55.6372302785252
76.777846089483
67.1070559412911
70.8183133745588
77.1641893938863
87.2068534295028
82.0911741616792
67.7447173094684
78.0056749525732
49.567507143878
53.962542874244
31.329462656719
40.9901523232703
17.5362419351629
10.053685601297
3.1174191217089
14.2762807351175
27.9420620355218
57.464068339386
62.6730394150278
57.0107621439531
66.4762039051469
82.1262812393891
82.9034247492757
76.4419888226679
87.4202475393794
108.719766923238
109.015430629113
76.3313039722289
52.2385988068371
59.8285698521846
65.4788337525592
78.358313442814
74.6945290026644
66.2755554881566
100.564629135825
107.287671620719
75.9225913602374
94.364412617685
103.193308625036
83.507031199651
73.1402008868113
104.578329401951
67.3089671556726
83.1896639424698
45.1399101625734
29.3810366697488
2.77406899817526
9.46377665753971
31.733125655337
67.5828914196165
52.6838640377749
50.6629056417066
57.589233913001
81.2690586909671
82.7243412295985
91.7422877012004
90.814180500621
82.5183945349587
85.3131010565134
102.622754296029
75.9234898564411
88.5026566464796
93.8779914922414
74.8920835026275
75.3657533494832
74.8031181168039
105.721609005234
100.497274704551
105.772988803653
116.023559464388
70.723539837412
70.9729546023648
78.1315245361128
96.2638260264043
71.8940078589485
86.1861048830993
45.5295339014766
7.6577784631874
0.300039220532812
15.5252797241099
32.8912933935392
59.0738925172189
77.229393400005
66.8592560288467
92.6979010124632
68.7178694716195
79.1433289475589
60.123128149254
99.8798465692741
88.7738076755637
113.847309818908
74.1401439055776
61.4511857866128
77.5700693190169
92.4250806514988
82.5722346760142
88.673740214691
84.3705955102596
93.2273625322351
117.584641349889
90.5793969180539
79.505432792699
74.2072885093445
83.2654103464599
71.7010242900004
70.1955609499022
39.2365171836457
24.8044141009515
4.32337372322556
6.42424770599443
18.6392706714778
54.0280210697561
61.9032595394216
64.073890694816
93.8649688994775
87.2287449072615
78.6921435787096
82.4683610537159
90.6976492400286
65.7696511034121
98.871323364297
102.843475319846
113.554666925672
68.3731408985566
67.9542415683597
47.0283651753613
79.108723908431
99.2285680104554
99.7696636068629
92.1049245017132
69.3570554329705
65.9122856560403
87.2663283666817
81.3567858165807
45.7175563168385
32.8837462281455
9.4164244588969
2.92641424369845
5.40817344892061
6.89397858690511
19.8839347599478
30.4018609991444
47.1997230179703
62.8065857573945
74.836207037497
91.2597215423338
79.4485779106122
54.2511440972071
74.3278687023999
65.7277382847488
98.5248834558462
91.3278161784558
74.5746748040894
56.5800644667128
39.8367861718804
84.0583611430532
89.2149119334929
72.3666154094143
78.9522927933024
76.9826273969244
65.2510026579639
46.1243072078879
105.503013040736
49.7842913410971
10.672379122207
0
2.61184059488779
12.1345913732611
24.6164505844997
34.0997167563577
70.5647650136179
82.2250306390169
70.1709981923282
78.5800864636243
73.1063275331636
53.5638455544432
115.206430259529
76.164908713452
91.5224924314874
35.9841086986437
58.3424346883423
101.983527615792
96.330777128889
91.6805846353256
81.5611301403872
66.1311379238647
66.4986914428393
45.9407207492557
31.6966974869972
15.1317679003017
3.24924715438456
2.58665994684914
8.61264428597346
15.4923519605301
26.25945737786
46.8524846859481
79.6940917007452
38.2431283601917
42.3685172215402
89.6765135227016
78.2178913911075
111.053699244639
78.3981800540257
24.7052286790428
48.0428118397906
94.2016376455864
90.5089406595044
64.7165269292882
54.9096682970839
65.1757896326646
59.9169946249086
22.2590848216297
6.75583693270148
2.33181130246542
3.74934385527933
3.23687449842406
6.00462144524824
16.175608722099
42.5137640992555
100.322287064945
102.122491697678
83.3459551959281
72.1862496869392
95.9009578684941
71.7205001014147
31.2518104093058
40.6217218703985
81.2462428347846
51.1582153824243
40.3865944689564
25.8195832593767
22.4042603340588
13.7013524151492
4.99581704941247
3.7520544439081
1.71935463643123
10.6561412816177
28.918809948894
34.4034032836349
51.1742539645051
95.1684989061089
67.5122180296597
60.8139360151917
22.0183626248105
26.521481555304
24.4859986069561
62.3433860571539
29.748834039579
12.5391176559122
4.56980860823773
2.54051138960202
4.73941304214341
3.6759824806717
2.87727122086067
6.28599109685986
6.35132240715096
14.974732408334
30.2875920647288
44.3998090542675
26.6476345948364
10.1588387365473
23.4171990459219
33.8792706893089
21.2021418490844
13.0787629756054
2.59056371337518
3.03484071159343
1.77613958893302
3.16613253726683
1.38453906589856
15.715731596273
10.0243434103415
10.5779769835969
2.82498932120672
15.5566602096758
17.7671840243105
5.74825451819466
4.67262053691905
2.82453156296284
3.94436560869659
4.15974990752381
2.6701136871389
6.75024585589826
1.63413244476991
1.72490820007683
5.94494699141605
2.01374164732543
3.44635322254356
6.24117340816544
7.42628193179882
7.18333407621445
3.03053811695038
3.85664073663585
8.85552289452658
1.16594032354473
0.78445406137001
1.6943882047771
4.12954338040007
1.24109804967524
3.66734813590526
2.77627184073322
5.896628960557
14.1701951874118
9.32424730565763
8.83876529199309
3.42832769957012
13.7265028461174
6.44757113143012
2.56535343409105
7.36362618747038
15.5634139704776
20.3982964260089
25.9809878117612
26.7133525875487
25.2908131605798
17.559319535284
6.3367337868806
3.92537655665349
3.60539454069572
11.3642509847249
15.3097965558011
35.7897991877305
21.8326886591664
10.239164961616
4.15468323518808
6.35822118274679
5.84619905728287
6.82568963755496
29.2618152323666
56.2433614647197
52.9972380751236
51.4807866118868
53.9701242805871
48.6728086016764
36.9623033561658
30.2461189016943
16.1307186528692
0.895861413895977
3.34457853474017
7.81593559949786
13.9028125902168
51.0391413098393
48.3817374494294
39.3748537957877
30.6440526098631
10.7399285640205
12.3947038941797
9.89628059026225
11.7241204034727
50.2836394906726
71.7320697860498
42.4788330806193
55.2171934855358
51.4244728679096
64.4399210139016
54.9599236901655
49.4910222114036
66.5026170115983
41.6474693950129
19.1334112680864
9.6627687171212
3.39212387213864
7.77224315339559
12.5424148719626
7.14180073325588
10.0000727626285
22.9963869663589
32.527980339547
29.4416937111572
76.1251214081695
44.0153747923094
68.4039945810139
47.6480724338899
57.7589823707513
33.6155128257716
99.8107941978577
38.1177201486788
36.55984742105
59.0811877565247
38.2658238343688
86.9442544839467
93.0007294187962
42.7994286949068
43.59624727563
22.440088450539
13.0159300112456
1.74251340045957
4.14924658562543
2.23731100585372
2.40432961269407
13.9455634643919
11.4443738475444
19.0592411591757
48.4465285330924
44.0630609806882
68.4116676983934
63.8981862837995
54.6660110899928
57.1595520554757
124.340739022062
55.6423261996306
84.6981528015776
67.9347058087521
83.5279985254716
43.9977128133417
38.5222935970037
74.7973869510299
46.298135254473
114.481789394996
98.9594854648905
44.0855115330252
25.6027010574386
29.9651578422997
19.7860800720586
8.57161049984884
6.05241911589519
7.34467399273781
3.51319343032331
14.1804680786639
35.575029102191
29.3167010168045
56.3839081984839
65.4395881097877
56.7797079452532
81.7252249091216
58.809028257095
86.8807935449315
80.1356524224219
31.746892962374
27.3850948536136
101.301402271712
116.309288298505
65.2522260276171
84.284932788453
102.079241873916
96.6568573590754
106.300608965583
86.9259466157207
72.3963978306581
71.0885887190728
21.2104344349722
50.0482652620297
42.3069545215385
9.60706797088115
2.91761476709105
12.7473194264265
1.43950515134568
13.6468457951112
29.4212094347677
85.9397869453327
104.842890718105
43.8328079798195
46.2185639546615
68.6960329582333
72.762837024967
100.579933242677
101.288922749479
97.4162085583174
29.2225030894989
23.1319163294032
23.1021194769608
55.7498800269234
93.0922279247667
66.3852603921732
68.8932917173119
75.9134146548666
105.398073360475
92.2302362705603
60.8477398495964
100.335340098483
42.7149540750272
46.4974157752295
102.784715811582
97.5117243718834
42.7700341561319
11.4362883845929
7.66996564755798
8.48898154732032
31.1030235658446
88.5352985558431
106.165169085146
81.285567787446
65.3015211410988
109.398343657509
71.5775484414434
56.913574159871
65.1965945205418
94.4842455393544
42.7363837959343
50.9728951696633
107.252743423614
57.9508176852952
102.539757144335
117.774325801133
57.4979821980127
86.1979236089857
60.1909311650588
96.9138063352773
107.264783963243
108.538515843181
60.5248665211325
48.4347017590992
124.223941015039
86.5786709136365
111.378328370726
127.688753929395
61.1720099288649
44.5930798440602
9.4128327732816
4.3754777214651
1.3052975694674
20.5324163110201
71.3135011559049
101.177588315697
119.706561523656
80.4502471803727
68.1697766329178
122.415005438886
77.8125988780249
76.6027393268663
107.427446091495
102.707431581499
94.3953986169353
102.545068225984
60.3829549134929
71.8004062029889
61.4183566167594
95.5667553185201
99.3852225920289
104.997301824488
103.875666828922
94.536247020387
83.0508539581577
96.5604974837952
97.0363926931399
72.2075220106021
64.3611707306603
64.6336984490632
44.1068618257442
34.9956971821734
51.5233497918201
78.7849910007375
21.3892396760392
2.27778549721522
19.2929252377016
69.1500528235391
84.9383728100392
109.83970016468
110.553579891142
98.3289086860394
96.9952805817079
97.5218118503848
35.5752024723076
44.3141740504351
112.950112056052
95.0885667148026
113.712808862722
67.0754866988799
92.5324150276501
87.5714947477443
28.4354326895149
46.0803959829083
87.8000036096704
85.1635979594614
108.499568732458
72.3377600646917
79.6020421870494
98.6843017025577
101.769498419392
66.4978482340772
72.4664064940229
133.912041459094
96.6322417775718
36.8531329183915
17.7751427629482
57.2354207745567
33.8284333219332
4.72430129697166
22.0668224189202
69.5885069041098
103.212233988274
138.440356844796
50.0902675147449
62.4921925831688
96.2481240146502
74.7795950085643
53.0425384043258
90.9242452039126
76.1299128243352
53.7824326537556
90.3679133432638
86.8311052000845
104.982817486554
79.1802631025249
90.4607370663968
87.7608463603707
66.3896001625604
90.8756591847329
130.231582952227
114.650852393507
107.1491148524
100.029737873866
79.6027809795022
83.2840568020079
86.8648021282597
58.4082307258919
40.2043802835019
77.6945892836196
30.1493007191843
33.372742239409
55.6992735389415
15.3091003518899
3.95007906432491
22.319889401288
29.3926704151862
45.3587410693686
51.8773273323269
58.7657355665119
67.6580966720706
64.5860664734128
83.5200914436359
68.8939091197861
80.7907965562872
114.309488954131
72.1742052615428
67.8602367607112
107.112550032779
78.5616557882803
33.4052822425945
25.8701226316125
83.2108853546316
92.3026355923756
98.514649798519
86.9502868107083
106.468379643419
93.5619158106668
92.5867747322141
84.395387745026
106.238913836552
112.429297455975
98.5303391987806
63.147368007729
44.7701317858753
81.128534038484
79.8041927690746
115.244375218352
78.7218438890401
24.5972447252516
10.5055248389101
38.9497118308525
143.433750709404
111.737197090456
28.8011597428759
43.7299375807501
86.8141565597171
70.8280727555226
101.234834736061
111.770961398352
121.450171912664
118.194157604323
106.432994945645
106.605620981687
94.8061885634005
96.0501349559891
50.6993890227911
38.0898663789412
83.0092378517238
89.3652597142188
90.5695455217341
81.9821884674071
96.0730419783431
103.417877306232
98.3629867964378
67.3541246019492
86.8068623266647
70.2839879505794
51.7602834327336
93.904449009864
104.266552418873
77.7551512792773
54.8512414293309
106.693974738855
76.4069184696645
37.9621645322107
12.3306656646928
44.9185318282658
75.9693732530667
81.5136329683664
91.5568362737264
109.866189042313
79.6028539540207
87.6143723684492
137.095643629475
80.5221579806046
93.7769252367635
120.965509827448
118.739684758912
92.5295246766942
82.5209568740621
112.986187741819
97.1006914838774
83.2688129477153
87.8262705030111
98.9090526984295
71.8448058565574
74.3813913505463
92.2022506599858
93.5843253822874
92.3499568458227
90.4256192329934
82.7594470328137
74.7707606027622
74.3688282975748
94.9505118543526
81.1805404155904
106.583382947877
99.9750677116425
83.3349221799993
65.2898533380894
31.121205140553
11.3560907134472
13.5990325153041
66.6189267586377
107.121609306943
70.3378764401944
91.0921328272546
83.3117341532015
108.964899885022
83.0386745911312
73.0635883915378
103.661532307658
74.443548681279
118.633483291387
101.489609453223
100.444179912169
120.07847409497
47.8457610958741
49.9263956359797
107.083421782077
83.4432143521999
88.6082078204632
88.8515259310531
81.5631258330138
78.7441090837799
82.6172565678561
56.745752736756
91.8586639057181
85.1027629561935
65.7025621884886
81.1632680469356
71.7978847826895
93.9268070076493
87.5605961814706
99.7900146826677
116.73094027665
67.0836292985142
33.603228218269
2.57035684390258
17.0168685646074
45.0935522698493
68.444961823353
114.376258997859
112.869431305
89.9161659638103
73.1242379169614
71.2935789504413
62.6224997601667
83.69457118187
117.073344972915
92.208115653294
91.181357259938
88.6982799434272
51.3125920550845
18.3692962803202
34.2503435521944
105.002411122305
58.1711518626967
52.9575045268313
77.8194028123509
93.1529647690414
100.918860528416
100.937818511471
73.8960760296508
66.939229692201
51.9614170089914
24.8934145873413
39.0509039465696
85.8430658137878
83.6803050232093
95.4631862294126
96.2176492533292
98.0002186138975
78.9994718940036
33.755017342819
3.5169829345631
25.7496480674457
50.7290150746969
83.4741133672825
52.4557689547516
71.5402925076356
110.334813378505
111.154915353713
86.750508263481
112.60498613045
85.6413290852993
93.4974909358149
73.1091622504644
100.43720922809
89.1205495828418
48.4658545303215
42.5360618611624
65.6015914908932
63.9566814433201
43.2083181192063
67.0478429534066
96.2535521309177
99.8041978306588
91.0550860461486
86.6091085863025
87.4546296259577
82.3878145182666
78.4744067268275
76.4650269434017
45.7963656824621
88.5374674081342
73.8531161743337
61.5353394104116
79.1548233948707
78.8782634472035
44.0142329807757
17.3655553007876
6.66185142821878
36.4569382219078
48.2906400793569
99.2440030017673
59.3889366672577
81.6156238005795
90.2307059775631
45.3668851618774
58.6823489072055
58.280358343307
62.3972741620229
65.6837711955275
69.97420581872
99.1976258146209
90.3910911412217
92.3121326663488
79.8663062658822
76.8196080643374
66.7849983128734
44.3375029167048
55.4425347537389
84.6567264970101
76.0079472216157
93.3447232839993
87.4822596781854
82.8352398587646
77.5564517907108
85.3543951632148
79.1081407547426
75.3924959209475
67.6536849401654
86.7438949906549
54.2087766735589
50.0336063780692
33.5383198620158
19.3423233913155
13.5419617422989
3.49427178037604
15.0566450470308
28.3354589008205
36.6286924763189
111.605027359925
128.196337112336
39.3816380846768
26.5357459977697
63.2586678578596
63.3251177491718
49.7491958417096
82.6870976458231
91.7330897731209
95.3252635110977
95.636762402371
99.2921636467399
74.3247678487364
66.7526220106405
60.5843813897117
50.1382961235839
63.7005537523231
80.9685282202041
69.8802941447144
88.7456012596044
104.5323568085
87.4366547551992
89.6900363433013
98.8263325509959
92.0838021638799
87.1252719255899
77.0338895657593
78.651609707374
85.8701536588547
86.7725156809895
50.8567606223738
42.0517919145847
31.189934805407
9.75336591558769
4.51341590246066
0.547502528471642
26.8958735823457
27.8405353049771
41.6758042540642
77.358745426913
119.982525220184
74.0654298307328
57.8585237318338
76.7094507886843
74.1188056747345
102.112265808894
95.506910740653
94.239070705897
102.754843990029
96.450200811832
95.920800370086
73.1217149793952
91.9716120158923
59.1929785159254
66.8170818363226
75.4278809444477
98.0804371691575
105.572054555907
107.043489442148
92.6328923423291
94.9932446193834
90.7280862932054
97.1843515176429
77.0226863849553
65.5183209484587
77.6908868896428
73.3066029407092
78.608412118931
87.2345830855372
65.8389741366191
39.8524238096707
23.6980667451475
2.19465421811287
18.6695818335249
20.9185567172603
22.8986909121933
81.0717579614636
90.7038704498267
82.5613736196437
68.7611202140623
80.8726134644537
113.175185073217
94.1044480069226
90.098595839946
76.1990388571766
101.409058426227
96.9571894809393
101.563790832939
80.4123680761093
73.5757659860628
68.4318772912238
80.3285552726324
71.8060456865807
70.4270095250995
103.004866587381
110.205454695355
101.13938365228
89.9782541254616
84.6011586701014
79.4917713394816
94.1881084051858
100.703441590725
90.8215334388091
87.5022577437851
67.5667490033894
40.2405644599859
38.9053890667653
16.0997604317252
9.2655341431231
3.25960158337699
13.2558816072317
11.88465917996
13.0990822972554
89.0980412903892
84.4026308421552
65.9184931534403
63.3993630530621
84.970623909038
108.504802309261
88.8342195726645
92.9233508009813
75.3318066840939
86.5643514893454
94.3269266079051
74.3276583573153
65.1338100401661
56.9010975597946
73.8682364347296
89.8677116630394
95.5821007199889
101.071711817468
94.5267184090091
72.5494889010304
81.7825872645468
83.2846540054356
83.9479942695242
68.0488611250272
79.9011565575808
83.3886566016149
81.1908423815645
97.6251288051974
95.4529016492833
45.5103968918909
35.329333202759
9.51191174967068
14.6130949647402
5.62567179433112
13.4939082092078
73.2439336223599
63.911865780277
53.3898477842124
99.5737996919748
108.949085235413
120.87942662225
96.1679598521628
93.195773320123
98.2004914171514
89.2237207487758
97.5075290020021
84.2193347315899
38.8915124765745
25.1220707570499
33.0278483691593
77.75383960924
70.1558944100643
85.2567650350674
101.814410400937
73.4638913051139
65.1010272159177
73.3292849668562
109.180574657847
99.3119705450058
80.464395387726
90.9112721539695
64.2346730357691
85.9279127284543
70.0636194738158
57.5948226834211
34.1062428908208
12.8136949549988
7.07272141795141
30.6061824076828
68.5311590283543
99.2784255721144
83.6447282681174
98.5934576258482
82.2019746472846
61.1978160245652
87.8654934212124
89.7628180892108
94.4951808846691
83.0365622690624
98.2440510468409
100.071549489245
54.620629507455
50.0760627609267
34.5765469628744
65.9099092298045
62.2993234341517
59.1893043197035
87.5331796067973
80.5196989742122
88.5470109162872
73.009223788887
66.2848258406594
95.7527048670369
94.550526801011
83.7976402931076
62.9467484010568
61.7112849173967
42.2834258977056
38.5006756011288
32.8623339564798
4.09286295048722
4.35399644466408
7.26298111569046
23.1838723200066
60.4571170933802
61.6151858839723
75.5781521434302
85.3057075184063
50.4969832199851
54.6844832976755
97.5042874083214
108.321101512468
75.6692999432195
76.4035310134024
107.932539423228
98.6146619304833
77.918995917294
90.0247382517447
70.7999003443377
59.603369996439
63.0015677805517
47.3059260811671
63.3608397104076
91.5003558874111
101.911932721604
91.8864799557679
76.4678645751577
78.0242811326807
92.3377708304876
76.586363361362
52.7383336216774
33.4558703550552
15.5206251520108
18.916901317016
16.9248429724492
3.01914648526405
3.00555930923524
17.9243003381894
29.862859980038
28.5587465272006
28.2819291775072
61.6783873061499
67.0802483679851
86.9657610485011
104.71242616835
82.3179754353235
75.3660746682577
90.2020397240238
111.959469584131
96.436524440204
67.339574358795
56.2131703921263
67.1758324293406
29.0078022730494
77.8818855875034
63.4457117985025
70.3514346411509
105.960023463716
76.1402577983391
68.2559207026534
86.0831700016267
93.1677273108396
89.4467021536073
75.730886249773
110.948366944248
37.446228547748
21.7695918420049
14.0855775111393
10.6261632947751
3.23624834683477
6.30270490887342
8.40864192955578
6.77382203159667
8.68517697965666
48.4463235933916
102.254122685304
108.789072410239
93.8548760038098
102.056081787686
110.282790111314
96.3408502333376
74.4902796149252
98.2777458619743
95.7472181169466
68.227101209135
73.3252700758228
51.0541810565841
28.7407898696827
36.534110599078
56.9900414597039
88.2546438052415
68.5018447403728
59.6792646082414
53.0826962350822
98.2130579652269
100.777511955027
99.8694006922088
71.3326406940071
90.9308264802806
57.3123969176639
50.1705270960916
58.5149201206617
21.8234722544037
2.4405256835938
5.798520375829
5.44738091272802
11.1049033422999
23.6804121591228
69.5595324825747
57.781388885291
64.0820710123911
63.9952000450496
80.2614836126107
97.3400380474483
65.8670817201302
67.2637384502281
82.1629285948663
67.7297984084459
43.6841664468452
36.9935351648272
40.4461888046138
66.8149711574776
39.4508012875958
107.532915160049
87.295407025651
76.799442596416
73.5494536223282
56.8897110495536
93.7061128288462
72.0162480722637
73.7816294148932
91.6265935977393
54.9893413266432
62.9201181162746
51.1246822253023
31.4471695644017
13.4476532597072
22.8252389852385
94.808082955328
57.8412215072289
52.8383429162442
56.4593017601926
77.6341997505406
84.9787222996403
76.3397269822015
78.2303664055807
79.4612246251626
76.2227699859077
71.2167782685301
49.5462655920355
58.2931612268299
67.461648359839
70.6708083786924
65.2797550515581
75.9275231168747
115.89486235896
93.3523870174323
74.5431529157741
78.1004466396484
99.8420128639785
104.733200709231
77.0144143283216
55.204059383872
66.5854698994707
56.674788462383
27.6239862342375
14.6619095083863
1.41039644838372
8.42555268463812
57.8782095719309
79.3802411821486
58.8230101421981
52.6122630599636
74.2453897822003
78.7935793084156
59.3774717293921
65.3663612386925
62.9189919794268
71.019844810305
105.629466155028
90.5707773681506
98.1697662094077
85.2045180670236
54.6099897680965
35.8634293808519
55.6232755317783
125.143698680617
103.397772214595
87.0229015668632
123.697712399802
95.081532787221
90.8455131499748
88.701347347359
74.7708990516128
70.0275890527287
59.7383857685956
26.4693140076171
4.90666647064555
15.5458833578354
59.9061950832187
62.8123731190562
59.3485346260244
56.5374165104417
54.2848336543094
48.6353529864025
69.3671618547711
77.6808629319409
87.1488817667744
105.172438507777
91.9294097171353
77.0811597699229
75.2257478133479
56.4563512416392
75.4594754816112
98.3398020158633
121.922283069054
121.472737252055
131.758228365679
102.69400722183
94.812074211325
117.414110267296
70.8562151898824
77.1853362007597
57.3343279781649
23.2331627503772
9.98203722671252
18.0677359182817
27.9031456407105
59.6776306350851
80.9813519393398
42.7418977339987
34.9235339433805
81.2299809871801
97.6106796297311
77.7877930874526
98.3344392998012
96.8352888017666
100.769017981198
65.8157433306806
58.7821464787718
82.4553589094834
99.7155763393679
107.520515863712
119.808934065563
93.5860589415481
67.8490733008686
84.3598884371546
99.3144249027669
71.5975794336582
40.1956310198912
18.5345837438246
2.49065331223871
5.03045866798935
3.68981653226385
13.1986467964066
29.7026097023455
51.2914158021051
80.6631021475595
67.9668743907637
99.071383510434
84.8417627243283
73.0919119869422
88.8633675772665
114.801108311119
119.84923890311
93.0562884976315
75.8998403734749
63.8106364570194
102.769431067941
88.3373739301781
84.0893116649265
62.7315640955341
51.3854557261723
72.2352798470068
48.9863335130411
38.7746764252423
15.2427485781859
3.44138232502232
3.95224685661106
8.38764083865336
15.8504841195545
34.0754769629648
96.881939792477
81.4713452059771
89.0436729861487
76.4826478174209
59.2324263432886
96.9674119830394
95.284453920438
101.653398832882
64.9629902875501
87.2973874826416
58.5434224573605
65.8475707908858
99.7114331264289
70.2756641962111
46.1448914554674
57.6721587477851
27.2792493148451
11.5828754285457
2.50204791834371
0.0514608614642611
9.54893842782786
20.7074317926741
53.4456367901209
50.7227901070403
39.5666258283739
35.4988402781534
44.9690950303099
130.88996886905
87.0532900966465
79.2198270848048
81.2314185042965
82.4893255314956
72.8981824572004
52.0171457133901
38.2440184485541
22.3799129527517
18.8514359269374
3.17209886848572
3.14224051760803
17.2725738041682
34.3356346727981
53.4152782572436
43.108623228539
97.6087561372226
101.518187864098
61.4568380755051
30.4419820292294
59.0631575753659
37.6173948890203
31.1372460565752
20.0090082292092
15.8773014258772
8.44164520662736
1.46688355347205
2.74189959215108
12.9345511593237
19.0126258084332
26.7049263008885
59.9273059827792
44.1089680806048
24.2252905843496
7.38210245022841
19.4772888758534
11.7908823423971
14.4819765511673
8.31122005463038
1.20028418134856
1.41820394861482
2.86757025485387
4.67639969913908
2.82373076943167
2.35975723254375
5.53858860737634
20.6578342736208
15.2129368909246
17.8755553729712
0.966063620558548
6.46556704489633
9.30820480927425
7.81889706257368
2.75465954124339
5.29423386114931
3.65665974119535
7.07143585870847
4.28486639294671
4.92887631867547
5.01599629871054
6.01751322193509
4.61771435100877
3.08194985961501
4.58482293902146
5.61292518880795
2.7731419480547
2.06871809406208
4.55320531668076
4.87480792934634
6.7759522898569
3.93413083131916
3.11816846412444
2.28301985439133
3.99256546013424
3.55583353958095
6.8807771661312
5.86373862927586
7.47477386743171
11.4934498097946
17.3244863077592
12.8390555383065
3.95434050700573
1.18842173123932
4.96578075426875
6.34309766922958
4.87783161337203
7.48135242153999
8.1812800063269
4.52090722802495
7.15437273246113
9.10938505622778
8.47346779022285
2.50289796145374
27.6681477455029
38.8909686634656
44.573581776624
43.6670564589236
33.6928736086424
21.0188798409466
13.9368325993558
1.30765454540529
1.53926719587081
8.59045743371268
2.89140544059206
5.55907751715259
10.0755116152437
10.7923415339478
6.43756449127762
22.8699770768819
5.88802183431937
7.57930859620685
4.32048169714424
24.770593367237
37.0783128556767
63.6796630497629
88.6175244542084
60.1933989288299
46.536285343755
54.7105173520658
31.885457170382
10.3021335452184
5.09295521320723
2.76926515546572
9.654745648183
7.12680049412185
6.40517710295689
4.1023270345578
2.90174295457957
12.3583762886982
8.33606192118933
5.08025194299795
9.02408200923268
32.0561608966751
26.5785253947475
19.1566627541307
15.6744112542162
13.1219610124816
67.664344576093
64.4552046359339
32.331064078911
58.3152167188321
67.6426098874216
55.2133780858855
30.4776718090227
39.3970927409937
16.4936527172132
5.81893552989426
3.72128637177036
0.833005425344069
4.33962624569951
0
10.5204307638284
22.2892370863431
61.0874561885269
65.82521701813
43.4676963684656
33.1738966756961
65.1366812146896
49.2422389351656
96.8401676566342
43.028172009683
38.0251751701805
89.7876597492343
91.2080250389303
43.6140567600663
64.2206854352341
57.7262019927287
82.619907596603
97.1949129985948
47.9259995274918
14.4184451708508
7.04982385780058
8.25252401518603
2.78303576412989
2.95942900173881
5.69694399226477
6.17083709013811
5.79184381909305
17.4849351838988
30.8941666152869
108.174505978326
66.1883860204442
73.5243174275412
118.319047411511
79.1339269048396
82.1132891327974
94.9937658101673
38.8358627225752
30.2079297996739
96.9329850117997
60.2593535614051
89.1669122439717
71.819530168777
103.086317365873
90.2388828596633
64.264573108121
50.4003922109716
61.4516328054272
43.5019612350916
19.9359947330042
21.081226233024
24.9817822396401
11.6811774307891
5.85736070987272
1.59396823593897
9.50447045456918
33.2974715849644
39.5421280522107
57.3470205100133
73.6648895010655
44.9100369450768
73.6480482028112
71.4783437339625
65.0581958598042
92.4087661998311
89.7936942921411
37.8195280320878
40.3878915800204
80.0519179357835
79.3053715296238
95.0466343622125
73.6809079791705
67.7050251278975
102.407316651511
48.4990008360027
41.1008214512602
76.9904077771033
39.7841592673596
54.5320351227175
69.9331825481046
38.9141979565469
39.5792224479823
10.316777336137
3.28075200994554
13.6271334055677
35.6782505914435
96.5073206161147
50.8007887733218
59.9460345267635
92.7350733805779
95.9103614638149
63.1789011447115
60.9013171310114
65.8418754140782
107.215141449935
111.429669331406
77.5930522186743
54.6959741676989
81.2826276261769
94.6727742427387
114.724802006326
102.306838787374
87.4824849297327
106.286619623737
111.834441808834
102.242586541401
89.6536140972333
73.459584533226
57.4283373523415
21.9153695177495
17.3441333669657
45.5070485795065
26.0819521834136
6.66582511214774
4.04383153431335
3.59980754448631
27.3904306845489
88.7446221668227
83.8417148874392
68.4864528954201
83.8008557459933
94.2830055288752
52.4762319026735
43.340886852676
83.8869104182863
90.8970714802127
125.05342775248
127.044678575139
87.1771312810693
38.1623018991598
38.8052475091323
105.718204360496
87.2399404855176
93.8130979333292
83.6028737411474
89.6903876997141
95.5761982486652
78.5332253876362
72.099900089721
96.8354692250084
42.6228296380909
30.0936592788641
17.8638061130775
13.9072233598942
54.5063253661069
20.3534658188065
3.63302083431091
2.80361062606772
17.7356412860178
73.786231949423
106.180842654078
60.3961046245356
101.486215816624
100.578135006875
58.9738747264061
51.7497753417599
64.7315895919585
120.909665333492
59.288945930124
74.2938609021879
105.277479326916
127.090818177045
61.7191100665714
42.3543527193995
83.5348739029338
76.214415115038
105.709789808589
110.389015353017
70.3177678825633
69.4104001402509
69.7723648758206
103.251103834236
103.468640654258
65.9378297929369
88.443838855993
84.3605585201368
43.9303386177312
43.0641175162543
36.8609814329387
7.35722036109704
8.27834999103652
4.21501730788167
16.5341757604284
56.0398583551713
92.0414089919327
73.8172384088043
71.5191476954788
83.0756300904829
62.2183206818763
92.2156800686209
98.4923714444406
70.8737902706148
53.2429985488438
104.573924484551
110.755511872631
78.0450359654187
24.8822455095265
57.6546408810091
106.388061959162
76.5095389329965
111.708412399028
107.773041848021
90.3548400246396
91.17384685776
106.053911141116
104.297756640857
93.5629878968667
82.8088368260077
75.8004971215709
47.8930653883944
65.1354352325291
111.493349880478
56.2943076750646
14.4973620907925
4.20872083033954
15.2896700986749
11.2605064414115
13.5647231548559
37.7354252434886
71.6925646124753
106.65237470272
93.5686622478803
101.230470538568
120.178691537788
79.3343489782486
69.4648630276919
103.640193812552
101.44346704928
94.301261305915
94.8301918029208
20.1503101606964
60.5303338722807
86.3107393072999
69.9465476609096
75.5150289515852
133.462082630808
99.772673772369
61.1784801783572
84.9849215245034
107.354903266879
93.734077992211
49.6051702063246
55.3156100982697
110.824003923054
50.861266465532
88.4977893110549
74.0145583722367
22.5631941049797
8.06794657498029
28.2458243034109
58.876235029255
27.0793426435839
56.0265314203727
50.8045328583617
76.1942108712568
87.2847311363373
97.2541728073697
122.768923270669
89.6689690167069
94.0069755598324
112.708205614096
105.942554126103
103.338022770391
101.123619427173
48.4446582270915
54.0437038741814
71.1818525405752
52.8860140228046
71.3447695363577
104.261128498698
100.637224898216
65.1276042689648
65.4014747546851
89.0142813959487
70.3776207910336
62.7933235538121
81.3545404151652
78.9064847676272
79.6125736104296
49.2326940462165
73.223535726877
29.8756342785508
4.12700391127056
5.83105943572779
10.6875370472584
35.023289626785
90.2574764727125
76.1399982730619
70.8537337513923
80.3691647606014
101.262444167841
120.12258274715
69.9541532165566
102.94087733968
117.070444787261
118.865391441389
106.084598963295
72.9241442722509
101.179466515011
56.2777237639971
63.7736069874874
72.1482179012463
84.967057219319
67.8804566779827
75.6941190727356
91.8912468960248
58.8857360358329
94.1633511828112
72.5948568011074
75.7844655115564
72.9562442385918
81.3071641593433
95.7043204337609
72.4979778012745
47.4399599407978
61.1795723664958
49.7655612721799
35.968866893405
2.63815101804725
1.63617981030066
15.2879350274596
58.6134658464468
96.3613137170662
64.6567362721509
61.8371401848552
60.2504620052666
54.1741079922808
79.7931578461448
94.2404717704525
98.9911081130788
111.88224829601
97.5334000015887
93.5288327419251
88.264591312222
91.2513658961759
26.7879295205557
25.0187189639031
88.724466935183
82.9458297323824
91.7679501502955
89.0241435033896
94.5770690692378
57.268594040341
54.3952026824001
47.5705082929117
41.0026263710902
72.9352882398908
96.1277766787997
83.8714544420113
87.9365773248741
96.5890110816382
98.3815433029076
87.6095465179827
45.8675907628905
8.70053548189939
5.27772967790179
1.17463637606857
20.3846792185692
47.8441276896982
36.9859026029964
43.9002686756672
75.507936883415
53.4024592074575
50.5173070622144
64.9227613252014
100.718164484875
115.896773645065
85.1436821275315
84.9518725127178
96.7503591612421
99.6963690401909
63.5054266269477
29.8026238507219
67.431566413944
100.638778273572
81.8251202139672
99.6065633720227
86.4208684221556
107.540778765546
85.5159458385128
90.3404591671273
39.2568767912259
32.0744642122783
87.7369308005287
78.0216284325182
76.6785599394222
73.2414386222968
69.8305072981422
85.1484022172748
61.1074753075534
26.4958429701425
11.5097113216238
6.39832239033833
5.87645963925966
18.8276971035684
19.852654617782
20.3343826468317
85.5798918596695
103.199922256903
109.231773890582
91.0355225172108
77.1357143069644
91.9041717283418
68.4477950964745
58.4383332627644
93.1675254443479
87.8634639637273
77.6282907151633
66.6413326303928
90.228632383273
78.4297057978122
52.2866213028927
99.0761982602384
85.9205882787045
84.5754838389089
88.5069214299752
85.5465800548984
91.1754531142417
87.5772542569662
90.2852572216946
69.224763900256
79.6545362949351
67.1469170193261
106.745051808391
40.2719701911226
32.3632535560194
29.2668942830692
9.85999972794869
7.96626338926495
12.7372136394958
10.5913620702228
13.7550644221778
43.1874193038757
82.676658015414
57.6370991171528
69.2966527799378
71.7742741057223
74.6917316222195
67.1567572639132
54.5071625673589
82.4596246397543
97.2316836328866
97.730281347404
86.1650828171119
64.6361767280159
70.4108772001322
56.5637984164388
23.9561218486745
32.6314096386294
67.3104517057095
84.9641675381436
83.2770944037415
108.425786144434
76.1693189938431
86.3937753241693
84.7873902869176
69.3956450048062
69.032589523301
80.0326541051342
102.544880321746
113.89213642786
21.9575378858402
5.65274715791586
1.96829824741382
4.37576548908327
6.87551584881755
3.65928719194498
9.66307478040147
85.841469354424
104.014580655165
55.6660417649685
54.8123411680328
57.2589749241857
52.0066652789857
57.1239857598629
73.9384338168275
97.1750425243989
100.215888705447
94.0192310386194
94.1675930800778
75.3912370503662
84.2266900446437
69.0308585417235
34.840782686358
46.3670698769293
91.724219699338
98.5576711157619
96.6024697217872
91.3414343406491
75.4218445066015
85.8266346947986
92.7673767513937
90.9654043944325
86.3684079971133
84.1339488861851
74.6286094853683
111.735217028192
64.365594575293
23.5211064841222
16.5039408226564
6.29451937523301
2.31179676670761
5.33587042047739
10.0464497342725
66.569673956625
99.1534897784981
65.9497083055168
60.0332829597739
70.5098128667428
74.8057574894395
82.5296164083724
86.1402022616283
89.7059740692701
90.1627632976377
94.7497390521198
90.7223289717075
56.6421975200698
64.2861156667712
74.4322884456969
38.3267114094281
42.1224500354618
71.4749136188246
85.9601838874193
86.0147225488998
97.2744409960583
83.6405184374015
82.7761585728416
96.5525667137241
83.7919461802291
80.6005049217037
84.2348459746868
97.2464023048418
84.3724378195646
55.6037629830121
28.8538253409928
15.2170056579065
2.01351786513755
3.1140287730789
12.0497293277646
74.2348368655001
83.0754123700914
46.4243545688474
39.6857151862814
85.2340668801351
93.273285638238
75.0347458716889
80.9300268964738
84.6146763522303
99.0397268840849
103.330104598274
82.0345866982455
78.7555970763002
93.6753439613111
94.2508080903235
58.5738733166422
39.4408373491636
57.8749948829153
94.434870568932
75.8941419869781
81.1049237585421
82.500305106648
72.469496286154
76.0293104965582
94.6931232114356
98.0138967675733
88.8104371108433
51.2582826237962
41.1835236743294
17.2173355700168
16.617713491366
5.05069440404785
8.71384467548647
0.540980261365215
16.8829544199443
78.5413861593622
54.9431675220227
47.7713570760309
38.3882327504277
79.6650970897267
107.965380604521
115.248203496324
90.5778195497135
84.6040701344002
112.996396896752
104.667687088344
78.8871034331352
58.8858859336522
19.4778113409016
29.3189631561608
104.542793429187
81.0511810031001
76.566543037233
70.9277168678854
80.7033466445974
63.1487516191165
52.6213463473867
74.5915886674043
81.1541355854342
89.9381771454723
70.2770225340713
89.2225035395899
53.3804891846733
25.8527079874835
10.5284977878938
7.99732762550808
4.13797927783887
6.2070276433388
14.693914984926
38.5932968668984
36.2113563620695
47.1084996569523
77.5663715936996
101.274991181444
103.162147405163
79.4762193721767
87.7821046889186
73.5182761494714
89.5415240018507
108.917548026445
88.3693608493255
24.3028112379818
14.1648343436588
46.8306531432195
86.3258216506869
62.1304751021969
99.0226311532667
74.3031025765302
104.111962689855
51.1971654469831
52.4146237318057
109.186634594895
103.770410082224
70.6254693670635
104.017593632367
67.0028148739614
42.3555210766918
22.2058857142727
34.6446100255748
8.71273870274813
1.2963159664161
9.09830927645677
2.39024975718544
6.45677971474121
29.0400153038446
57.9674851537427
74.2300699346306
68.2506752094811
79.6974115023003
71.9319532008292
75.2715626158373
95.8142839790821
92.3227112770874
90.1419341938344
105.253999905685
96.8566432686426
70.9807491912824
83.0374709102858
76.5562332876064
56.1711518902607
44.1462632899743
42.7237012871386
57.4403564923525
96.2785055865672
83.0529143692031
81.3240721548708
109.397385732487
87.3907370884895
87.0410615945949
73.8119192093771
47.0642145444294
21.8729568563766
9.28932754597978
13.5768592991379
9.94192095776705
3.06489646675996
2.40743702837605
0
14.5968663557854
46.0303548578064
43.294074422643
46.9638803882691
50.1036023413841
74.5345556109109
86.4433614157421
100.824781196838
108.32435567629
122.686213954424
116.193526963681
98.8472691239602
86.2611483857116
87.5472700773744
42.3584971486124
19.7032777698751
38.623235024508
47.1160340331156
54.0059002731307
112.282436400705
117.537697548637
126.998772374788
103.276179035579
74.9471431773122
52.1620596260881
76.0805685983698
87.2914899659981
31.3544963477919
4.13494784702664
3.45256424025936
9.41918747116963
1.69591459039582
4.39095732851762
9.53684389489388
12.7807327019092
32.9505746110155
58.2507118456908
88.8049161725344
90.5907630127146
78.131494170796
99.0084700050497
124.490736539923
112.42237236141
99.688639814948
59.3557754935594
52.3116142610195
37.7334237345827
17.5156653907178
56.1564612911666
69.7625374953337
96.4808441095528
105.01490177629
117.256024314928
118.763360431563
90.9995731122906
82.1924499850366
91.0679643326936
82.8840743501173
75.4497525960972
64.5512905898863
31.0420278028571
24.6874935350547
8.67969771467563
3.67033388491935
6.76368286738322
6.251857819144
3.07464336224809
7.51417418342977
25.9260427518188
97.1195331072475
95.2169100264025
90.6791654288988
87.7521042629466
106.323686127078
102.782964268283
103.53658967365
102.899619022978
88.3867813189991
70.3763701009234
41.2304370883978
47.5612666161229
67.2608173794595
71.4671964152281
69.405754763034
101.987364450496
104.352497940882
93.101032287447
84.4204387369924
97.9877471811153
102.258410358343
102.67782959907
87.9715921683472
80.7003263317142
76.4044980244952
71.0097328205743
22.6995781426372
4.91914525746163
1.47288990131263
8.73745879036845
29.092830859116
70.5193194247834
71.8338419577025
53.0498458141107
83.8522936179378
113.613993864865
116.466186896538
87.9445686764349
115.506390588918
109.665008456033
105.096130293921
76.7553308011994
39.2483575680323
40.2099228625671
70.4957940169977
67.3036311977859
74.4341256833365
90.886713862357
81.0270151443746
76.3882007364373
100.635417042834
68.5189332427094
111.718373849359
68.8850917760838
75.9534519058222
67.8466545685871
39.5897589534799
26.6332369714577
2.17176050443843
4.15191450018291
3.95072970510077
32.3262190419131
73.7943876210071
52.1588867300545
73.8950241373799
78.677409998141
76.5163982592829
77.567596535391
64.9288960183685
70.1220439990549
114.218887656166
84.4846219504834
100.225903078093
59.7298170984775
65.8551875157442
96.383085996561
81.4148165649846
75.8072424022337
94.4056294642494
97.9557421820614
89.8050054930131
93.6018812971319
97.7996385386703
106.429638217748
69.4503067582115
61.6965129378063
50.0328347711972
28.1434991745754
12.3342943405447
4.43183366398899
4.27952173160404
19.5677852910204
41.8425913252034
45.3151839740102
44.3274477222606
83.2973568070328
54.2005499432331
82.3750791364521
61.0106960473668
62.1971122169032
100.477228068002
101.471850651775
86.6625097783785
106.533327578349
96.2506300527924
66.8693692455892
59.3649283448076
79.0261661463953
115.249840338114
101.422798878696
80.7948705544163
103.413900603192
89.0633092323197
65.6572193107905
67.2224592959708
67.6730249107378
32.3253835846024
13.8781711520968
6.58995422894481
5.01610525757945
8.30646894745449
19.3200856472832
25.3839660625001
25.1265416415963
41.1692323308112
64.0749260833095
67.9443092462025
102.709090386119
90.7793436219319
61.0505439781223
94.1551847078952
97.5566942418643
87.3953182706878
66.9079240377916
66.4400939852941
88.9248788215654
117.078202394373
120.658275044215
114.780871823112
89.8671153518902
94.8007520579055
53.776244083245
105.411633224788
96.6455992666893
42.3326509419609
16.8582067804339
7.37798085937399
3.46278767063585
5.45352076090169
7.11726070581407
20.9996834288672
42.9558604893085
23.7991778583636
38.3566845845104
78.8408237584948
89.4362316864709
43.9087159933803
84.8260300288609
117.769268822101
114.775845472089
50.3227670751045
52.9937656681485
101.243088597574
94.6411685614498
100.793016007186
77.5156323446413
54.0947265872347
88.0388592262728
51.3638346312307
60.6198208869773
33.2051903619574
18.1230687840321
3.42800530562884
1.73844534755332
9.67744269863388
25.6032165890508
41.1148423299708
72.2673703831632
91.5230160143935
94.0970404830962
59.756631562259
76.112418719066
126.774871257027
113.241678989255
71.9261207617902
64.3130238532829
85.0545465818156
81.7287945069651
89.3520463594352
51.3449598271061
25.3159072177247
29.6355108311724
40.2197309308361
31.6143806536786
9.77706511239437
0.336401767813767
5.51478674587556
3.7547580723076
13.0740456203254
34.2524764943398
81.1279305362569
51.5936239411814
42.2938973126181
67.7432441868131
90.1105906054271
104.697574231138
82.1180741117768
59.5463337946325
77.1235133865854
47.1768450712838
56.4712046157219
85.4701031059434
33.1845001730525
15.6482950599488
18.0108028383014
8.64155163047169
0.4580116190402
9.95215985023862
17.9682718213664
17.4933145023001
19.2825251943547
26.0562651257141
53.935220736121
83.9191787148491
53.8298808952622
40.0938033396313
54.7974094567174
52.3846531577653
45.1809067759088
39.2759895616173
25.9636033448575
4.67820360901103
1.79921249930152
2.55675972283508
9.12507623018529
10.7220854055268
17.9715689393936
56.4420704813715
62.2351895094294
19.1925374083167
9.5044933241861
33.0227473795674
35.3057891574829
31.7043616151921
18.5692791688674
8.29027194390454
0.506974869712683
2.69079048517427
3.65846233961017
5.1836577634887
9.26968972653891
18.7104404917922
20.7564667011946
12.0816266698429
1.00779648512345
18.9103690133134
13.0006721932271
8.62983890272405
0.942302596342364
3.76536085166712
4.80417764694631
3.95733151208831
5.11445386077431
2.92851361392518
3.01953265742063
4.82226721371804
2.34624977242758
5.31577683631442
3.25553008739296
3.80425810219184
1.95408562770699
4.8178797493686
1.91572412266445
2.32238635930173
3.76239020197759
2.88088778919632
3.90889223847733
4.333062685357
4.01870853293576
2.55950665707011
7.43620313217999
2.19826476784492
2.58086236696347
7.84390036545535
2.30509744367457
7.79441292101887
21.2557662401072
24.7039795630088
15.7834276015853
7.94543683166075
2.06887463770516
8.06597564414028
7.27836388632167
1.59238969840615
3.30467132270401
1.02350094631505
6.5392504813364
9.42983553894889
4.33129037899384
9.48448269589714
9.95756415144144
8.76177758452197
12.7290353957042
51.2111309879278
91.769782379157
46.7171970604974
26.9611411073416
15.872805476037
9.05386791750196
4.52529228084651
4.21809351043738
6.89748302687066
5.74870932717029
10.911798065649
8.44016838920539
15.4560496020826
24.2892138709451
14.9659339706732
4.65566445776258
5.98026156713739
2.91133047136068
35.9431847293899
26.6689995659339
33.641822813981
87.4186309014207
54.2514155650702
47.7147646543213
28.5018784166335
17.8488179173449
7.4558969111687
2.21826850160407
4.30434317462357
9.40487237275794
10.3265823579367
19.7125861238322
28.1147724782768
45.4801527956053
37.117214001201
54.0355565104687
21.7594899729615
22.3765043113681
16.9792320119029
10.8942508071394
31.0757726307626
83.3529913841876
87.0177089692558
115.050238352905
63.8475982284936
64.2455663209006
15.4872887831841
4.68285111684681
6.35315995363733
4.08602138303418
3.03035122057035
1.26226333780307
8.47927976956403
5.5372054446885
5.23329485519692
3.21169596026069
12.2042151821938
26.7999055686135
45.8418746633862
21.3192670824642
36.8473639911034
48.884098059441
53.1616412810358
72.0511438807633
36.5911575272599
31.0292138748154
26.1338047765308
52.0581671850963
81.4239702830826
81.7361424039175
80.9823298841846
110.525409618785
46.5390846792905
16.4975119020446
23.1881543999107
32.9711420726098
11.9516362927384
6.86177276079221
10.7419261248936
4.72910528990148
2.48489975767076
8.06718986686759
21.0148448198179
41.6594915386886
68.3351779115004
37.8405758205902
24.9478458864905
39.2573077800685
18.6276705772972
57.4638443539077
81.0901256101827
49.8106183311816
49.358420288479
35.8843228326145
59.8606649867592
48.7722743264316
69.577000004895
55.2452642701636
108.540433094121
95.1604672830135
55.2117832738077
82.9303664727141
71.5233057960795
49.6727364227802
7.15883051162413
5.36145918811679
6.00842321953701
7.35618735871839
10.1575145999607
22.1464537870394
60.3503186677528
59.8233959355022
68.1175789345221
44.2618337927949
19.8673360334867
60.7146982855326
50.280039214588
74.0426792254434
94.3832399835343
57.5433404456194
46.3332363842425
23.4734773163705
58.2493840793239
61.6197778697793
96.5887997254587
102.034315899852
95.4920629606231
95.5149191799692
77.0084683832294
59.0096402035785
77.6559069006437
81.2905411973349
10.4975379791964
9.61946835231377
15.8926694958652
0
2.0423261125313
17.0567077532683
70.5451207036261
54.3313830768595
59.5657323742415
88.5907705374335
49.4825878076515
28.0643459853207
99.2923063185459
84.8707813759335
71.8251200978165
74.9347938204719
86.7182538964717
22.6174153359097
16.7076852510889
85.9161303349855
95.2888303933083
110.743647195046
94.2224897552957
54.1688034604439
80.6180181301657
76.7664099644792
63.3083166509605
59.2105604859794
74.1075499148795
28.3976060034635
29.6005949311092
38.0263088108702
8.26121416239801
14.086858644992
43.450066499809
49.3335809016904
65.0198604556174
87.2748517971395
71.4047968130054
75.0662643227632
103.513687706577
124.956484881902
88.2656733566829
53.7064899783818
77.6123858507084
113.25106082331
26.244948309329
38.482259221765
91.1001443005817
75.4876666034531
107.360681643245
129.029707858666
73.0779526494698
70.7377139841836
75.4111928886563
56.5829165239931
68.5969682754727
105.08803794328
71.4472420427856
30.8847657528514
62.1994339302122
20.9983986220878
4.61947105761192
3.83457794729759
0
13.1171203326038
28.13374087685
42.5342186096966
45.8148080879324
55.9561590647248
96.7410261956535
84.3906274562992
72.4923036060113
108.927669619186
97.1415618816065
83.1599082665097
73.112296470007
95.6918429417821
51.0591888098525
82.520276254761
89.118023518025
94.2157665458853
103.062305511895
113.472713549927
96.162499256174
95.4603675823377
103.474480168274
101.737561607441
82.9377590525388
75.4064659812387
41.7440312704306
31.5248445358869
43.5217993341876
45.0832507927366
11.2840643733141
2.19198670562577
3.59825871093393
1.44754954991003
6.38790984292228
5.93352920520814
8.10951534361849
20.497901357456
48.0184703132694
88.9495495517907
73.2244411407295
105.197299080814
90.2792441933453
91.5090283139543
87.8457423259299
101.172893998354
92.9396344588227
98.4223067101372
42.9018650586137
24.9661898234215
69.9787906686483
60.7054810197092
94.6456240710032
119.982798307299
89.2625101856624
89.1849153204088
84.9691243797986
81.6117651258128
59.5097262803105
34.3751433919461
41.4032764688813
64.3532467579517
51.5663975800232
50.9296425428349
17.6423272747859
4.407342351412
4.92699332885814
1.46393732748753
17.6475893033931
29.7583551420932
22.9068732511293
38.1168851532683
69.4922376040321
88.8366406776804
89.1546896881325
125.237970222357
94.8872061021651
80.3615823594408
86.6605301921748
80.9123898175441
71.475179229533
89.0748652785577
62.5549548312546
23.9212880285314
40.8775720143845
54.1539325857485
83.476875003493
100.593496718034
80.0758365437465
77.1571484591729
71.2732507666881
94.8372776057462
64.2139760049313
52.4099678300574
75.3538150415788
56.7896095677318
26.6846157688829
35.7078371230326
21.9824546336989
2.14476688131076
5.14097717412213
2.53641590330484
9.95951338811548
34.4901536057285
39.5247663912491
23.5322124233914
36.4742733336542
101.131916216508
115.527919309865
86.1881169984778
116.841374286961
101.104001268575
89.5251734482958
94.510216384805
61.5711567064599
34.5505707533223
14.9681691043718
32.0580353995054
91.7164554133769
64.6850249950766
90.2305223018533
79.4639481241995
73.1747588856289
71.9667676763359
81.2339713668589
79.0872963408392
58.2354252209922
83.1748768301582
97.0789131676785
70.4009502014033
53.9317072056648
21.2427673942911
23.8699119514497
19.1809069512996
2.27714366365975
5.88098646208518
0.514799024340179
15.1341356947163
42.331777866437
25.1948370615411
14.7027222617269
35.2580765430219
42.3896223131628
99.4451140447815
93.1895367917984
81.1750945500798
95.6170143812923
88.1320829391784
109.371777803266
105.467163784387
89.3351486930891
28.4181373632548
22.6801335432445
95.7074364053836
89.5987027162425
92.8996638689165
70.862165691362
77.5280200087042
61.578626375874
76.9866690571924
69.66329429547
17.4268915160733
26.5431143597125
63.7653204406441
89.4578729959765
63.7029978979008
60.6660822500268
37.2799313449506
27.3435499724347
5.16682707013904
4.54495263296947
1.19044342137798
15.4693249340416
9.57079797245613
8.57897413760814
37.2415009518289
49.4318981463218
60.1237345368703
86.7442890552946
108.914893252053
106.735940487956
84.5748182258589
90.9555301076242
101.155914230424
77.752614680498
56.045557956689
64.604837919509
84.5177840426142
89.4357253856766
72.5369137654592
106.599890540648
101.194481751757
95.1957863665456
86.5863164664164
64.5846601653254
57.9048263332764
45.3130969793491
49.4887453076944
53.4783629030905
57.822717056256
49.5080834280634
34.5206215290204
22.1692734891205
19.9258947213412
2.6276030029804
2.41622885503927
3.20605099171383
0.0886670782289096
6.70148472047057
16.7589981085387
38.5247408061907
69.2423355271173
77.8611361270659
88.4026781563614
91.2780034383316
91.5996831338318
53.0496115057958
65.5108533171774
74.548336727038
59.4538302472702
91.4806248848589
74.4647948571061
75.9299612162872
53.7799350552562
39.0350911393345
83.476307359195
100.207303463305
111.533339058332
100.437962505921
85.8712016948245
86.1648186070872
95.1644147948051
88.7636450592939
66.0417796212228
79.9502384996298
84.030641800958
62.3382938528646
16.4125860129699
4.31008414597828
2.02315364742778
9.05208651632858
4.70095116760053
0
4.055246250413
38.8503350597037
81.137192224995
64.3042160796435
87.9991219157499
65.5217737740316
83.6705416542785
63.3524681619968
53.8548311022491
89.1850362596066
84.7988715879647
98.0816094503987
92.1725653107856
76.4417554434227
87.7044569208218
62.86320247457
44.5017142170735
89.2269584735145
102.245828997548
95.2248475646986
105.329069889776
95.0515222196885
97.8769225433593
78.9606217170173
71.7399057079431
82.4726384393441
100.711364195714
63.3637390019144
79.0595527568073
58.853771992471
15.6231015247536
13.9690843161004
5.470003503325
2.628696214096
14.234419802961
66.9270070442605
56.6633260287552
33.8511679978266
41.1270051730676
47.710665994342
49.1738541099772
58.988679269532
76.4886456605631
99.9273360887372
90.8693974391095
97.7842285511452
97.2425003486726
61.524131157016
54.5471880404143
86.9950280840543
72.4302398715203
77.7269665701195
110.522134340758
88.5280649253555
87.8775320720123
74.0651131333238
84.7089429399092
79.8027053152676
109.742225718525
98.7909840491332
66.846178329719
51.4630502730122
64.0588682027333
62.9362294310224
44.5819813603998
14.6690946530345
3.68439538179917
7.97496072554384
1.66156568093655
19.4345599514054
48.7218160601746
58.2398190358843
46.2244154415695
59.8422658916635
66.8564993385648
66.9461814821983
71.1393688331026
78.9250822555538
89.3630805909787
99.3429902920645
97.6557623718738
103.276170345372
58.9954771143502
78.6997442016845
77.8559477767334
73.7566498646866
84.0841124103912
83.9797641389998
80.8560136246718
82.9032989804781
107.494264958275
101.688036042901
90.4226546078909
113.036352114249
93.9570347354278
62.7826030572634
52.1985320458064
61.63263828129
46.9975852372956
22.2518789515698
6.26444820598918
3.61017204772957
14.8365980888365
10.0569275796511
36.2490738911725
53.3281865985894
56.552487670683
75.4369185403262
84.3079775216361
88.7755679260995
83.209100481316
89.3444364787684
102.783741876413
85.4726068114399
101.538192858124
101.053375633362
81.2177200778892
92.9990272441519
64.441722423725
79.5079027380434
65.7046206393359
63.7258707077048
79.1776464172148
62.4955375367607
75.1153154018314
38.771145226341
64.1881882341049
77.8353132585813
69.9841912397469
76.1677841741792
98.183554003338
74.9824803809472
29.2940146108282
10.0535788599703
1.67893983091777
6.2181925330663
5.76063585449642
5.94699727957391
21.6039950906459
52.5706667974044
54.6633862318716
60.2323623587948
82.2752213363978
60.994843659562
71.0154441500119
77.0237908708937
109.292453597539
111.726151724353
92.5448042282855
86.0160650573333
82.7965326413097
41.5722022714945
17.526212645914
60.1900970341223
81.790098918809
58.7402813297154
88.0450997961378
91.871353429121
106.716057396538
38.9697894743876
51.4822637664168
82.5352524352108
82.6740958100538
64.4315352458487
74.8889945150263
31.7628893255849
17.7074273828827
7.34400891416551
1.83451594648723
6.79682900440213
8.20732694860639
0
13.0956786434437
27.3705132755145
64.4340934914508
54.6687775891454
70.7347393950883
75.5394034667176
76.4959722195725
74.0604228285111
66.7128080557586
94.3310172281085
94.0560320087224
90.351409634192
77.748208241806
46.7686202189204
45.966332808585
72.707986353899
109.479565841102
80.58364164119
101.611218974222
93.2386030077205
104.265761266532
100.988627998199
102.910132727055
87.488260309742
80.1244768619655
55.261640302704
40.7206786643161
10.3415849365082
5.26943743261774
5.9477092493481
3.04002152640126
5.93080884707713
18.2075734583245
65.5111775223068
80.2425020015122
78.0753257680634
46.9638377674714
48.2964322130144
64.6838664867183
58.0769405053554
76.1301523591718
83.720420427953
86.9742773336285
96.7536985855474
81.8395822089845
81.7114302350884
51.2433991924261
32.4496654875354
47.0825736992226
94.1544105576447
90.3732917713508
104.673401980968
96.3307440960383
89.6126440344745
72.209752540995
73.2938372808484
86.8861924310589
80.2825940576988
13.0428246830184
3.01736732897304
1.80657853109109
3.50691478851123
0
12.1822830892037
34.1223606317277
34.7814896122646
33.1978895668069
64.8801310468974
72.3795648308298
73.1276895840421
95.7985869497279
89.8025438714916
89.5380593808734
112.3385245519
81.8460673876138
65.3130326510135
55.4175379346807
30.1483798650339
34.8025797642471
66.2761935722883
98.2907170579355
106.115039565716
119.525326610901
112.430712943941
114.391036526556
50.6922284160109
43.5691909869208
88.8169000543291
52.8602845284969
41.106241828192
16.8352673104984
3.07494103526104
1.50369958470008
1.79977180035852
8.26609772465644
21.5590950847837
53.8159489916633
64.2296522255907
92.0691733355255
66.9975984860427
97.990653935447
88.2864504418543
111.895528041266
106.082606525823
73.7633227307266
56.7228425308808
101.465328951992
99.1779296185465
97.1953179450127
84.3680752831822
98.8751025971557
103.053087945885
107.157748971139
93.1874212812985
88.9286415463362
71.3327648634306
79.6561417491361
57.5086682080381
53.466892637432
45.647773345527
24.9511745542577
6.34296854371665
3.55354313605456
6.46789593661922
19.4535791032375
61.8157192273829
54.7623833605469
73.5725322726671
97.4668121410394
100.431143080496
100.912490347325
87.2641541843038
98.0502117842288
85.1491806397454
99.3117706949933
47.931980231639
96.1711313230048
96.9890124181225
72.7116362596427
80.5139907334957
96.673428152233
93.473450328698
95.3390085311548
75.8752968963942
76.5291483739179
123.982600248536
73.0288500627444
67.5937798823397
51.1706164420175
41.7283087562663
14.0996387950024
3.78298417807434
4.10643002293255
2.17393028470877
7.03994023065373
32.7454102721589
66.883458920866
38.7133791064528
55.4590643510464
68.9227808555329
89.0617503131591
99.787831127113
108.736091458349
103.443213765061
111.577193835935
75.4271289712694
40.3180004029322
48.1297945599574
79.2286208314646
69.1230250988926
65.8821618488315
87.3004274480468
80.7620902232593
84.6663782260204
95.2944020226827
84.5490271213368
101.772542010888
77.0852261758865
53.4252880699309
42.8909224767215
24.7109822718695
4.28825656912008
5.98771272484463
19.1118470502077
70.7162124304131
61.5295097816547
48.5544674689385
57.0835776627858
79.4239177015768
60.7500664394028
66.8396493623075
94.9759715963423
102.125027336027
98.792382181411
63.440847205088
69.8153023896329
83.5424232763327
89.4403135974118
63.2880344696612
74.8333851142294
110.553344216954
100.954905586413
80.005696762431
107.351266309969
77.0764445170984
91.480394281921
58.2007662719584
22.1655958964613
5.49872181242406
14.5251047958905
26.0068826629731
36.7779291483476
36.5119863492529
46.7554131161069
64.2542415668534
55.2730247437771
67.2421027186497
85.4824312013217
124.251900665963
94.8284513460666
112.484496882713
74.4649168173833
72.3694607198329
72.425522220459
70.5325140962676
107.149409738086
70.9023624263545
107.151947909986
55.5847421738599
97.7506585879388
50.952910329842
56.6849169812539
31.9239989274929
9.73915508813632
5.48225844879378
6.25337973236764
11.3997528221642
11.3685295008596
16.5281848383574
51.9022995963117
94.8009322621071
79.0792874439883
75.7575149971855
84.4666583198525
95.1782502386193
82.9321496983264
60.5525093253631
53.8176159687411
38.925509591333
74.530992303338
107.148031210899
86.3899727774838
83.5516118494632
43.944584571565
65.2340938513185
60.7199272840638
87.6939413143126
33.2841862399852
15.7486020399273
1.89319697326169
4.48423454647264
3.39924111299479
4.84040454523036
5.72581165371797
11.3968952040987
35.255703610077
73.4106792614928
52.5147020815826
77.7260960579097
31.2452854088298
69.9679252758846
86.6587873593017
98.9520873834957
54.0729632823846
39.1966022047452
73.204568942338
92.5570922596124
70.6757918062109
67.2331496749416
24.1060204505652
93.1683224644745
53.4869785721398
27.7104731705447
15.5543598781894
3.30419924912629
4.57345372696812
5.6612379098469
15.2522670460718
40.0448821939532
74.1751038676918
71.482517983342
37.6231760126577
59.7348664858288
95.220081857817
79.3787823211099
74.4153148058068
52.7320093518653
60.6806333291208
73.6578615814398
74.2817042522886
42.7788639972797
26.4136311506644
25.6170418650426
17.4410848201999
9.02114903395085
16.5298283448007
26.2527033344494
33.8525305473161
32.0497232506947
68.4484095790103
49.6004200760381
74.6785904253998
53.4645213822549
27.665000890532
49.1970225203041
38.810341249551
93.6500289412325
53.0936095227836
19.218568784056
11.5870994165687
2.54513360729855
3.41385501679665
3.33895721343601
4.17969337793549
7.06964035240479
16.4158643974108
39.9818808929718
62.5918156497876
36.6203554449946
15.8756081828356
10.5506622525331
24.3652256746348
36.6544943963099
23.6793495189185
18.5697755391209
7.24487898363742
4.33601788017999
1.1438013558943
6.60356394896391
12.1562024351623
19.1842271037347
24.1674588649393
8.08220575165347
1.008156095238
15.516268603845
15.7378211565192
11.1615535322005
3.1439037321977
3.18945139467046
1.01287584310227
1.46360695401451
2.7048655798811
4.46392179945997
0.362683433594775
0
2.17129227925968
3.94337525953309
7.18171239619485
4.6729743116167
4.57043054836239
2.42411368101795
2.83731273901793
5.91900197429522
5.49027034438358
3.54713324263746
3.57119364911013
3.1671399798747
4.35159396807276
1.96090346088617
7.04792185012785
3.98730650476213
0.699798867031564
4.55431286059693
7.53419939822289
4.8085723114665
2.69096477313332
9.41407147196471
3.72429712231673
11.1569448582209
22.7337025131451
20.1349353775777
14.7839642559146
10.1725474218534
2.27529225490263
3.66225253938491
3.55006082602072
0.611196083651121
2.24752018663995
4.62374631911067
6.55315211400772
4.46021340726481
5.886428726621
6.66047445926947
10.7570825246463
20.052723280648
75.1902178202606
62.555155636047
31.9997584924589
30.2684696556873
7.11029688589959
4.31066388942638
1.78510318458219
4.24959025205251
2.48131218287318
3.34027215589004
8.76209844315617
10.4648467815368
12.2101589892231
12.3831531326117
2.42608377193427
4.44547477533946
5.14101804826912
8.88348225552142
24.655340043974
70.3429119604912
88.8921861918958
27.8720029546297
12.5053755498516
5.48193942715764
6.17400897102745
11.8360735427004
5.82720429222177
10.6682744502259
7.15690320659444
1.54380193337868
3.03418676119879
5.14804970547104
3.04557105330926
6.68516160009607
9.586835617903
8.37664220654451
13.4726232406468
5.35444505359876
2.29807474851522
5.99967039593796
11.6870417145679
31.4216945884465
33.6475701146274
64.4562588144506
30.1543814798176
19.5802915936834
26.475173880742
19.5937489069288
29.1412529948287
11.5132643335331
3.85587751592924
3.55848143048363
6.04323699293506
14.7602361793494
7.09548259299342
7.45441983291104
28.0176587473546
13.4752455254506
21.8482726773381
45.8639625344867
11.3889928587721
6.8236478129234
12.8126827586652
14.7928857144904
25.3481047968906
25.2691282455916
28.7770135348958
81.5774333837
57.5484010669083
80.2106812220749
55.3123140550355
58.7368365014755
27.3614605943825
10.3568605118972
4.15255426671224
4.60520295354882
0.72800924942576
9.95919143118159
21.5004019304534
47.3205406648875
42.1787794088314
26.2350300447332
97.6535218904813
85.9177156820702
112.120987698528
80.0002989530722
17.3867785097686
10.5605349410725
4.89542695872452
24.7979688603777
31.8262647301948
75.1263050704488
93.5506186666464
52.0736925886315
62.9354199909319
61.8788751371881
58.6559158824122
44.4762207655392
55.1156806445206
17.4050966700328
5.95799292375203
0.227691600892811
0
9.56806255609422
24.3277751943841
66.1425946778507
63.1563672668938
94.2509555675371
60.2357576865945
97.5243733348242
67.956080204415
81.7165614723944
39.9780005220352
37.5318380600085
14.2727654687267
19.4733227458383
62.4105690415121
94.7028278793617
85.417247487771
80.0425087462754
50.5892020552069
82.7823714130053
94.9481482829007
64.0574748764812
38.1969233171208
50.9067453026374
20.5727222985774
5.8691871120134
2.06466074184369
1.90963773008623
3.89453333733896
3.77872406929114
18.2049306427563
44.8215038054084
56.1026888838841
70.6155109992502
56.5280512762037
73.1196295641987
82.3194486043976
58.2739229092433
84.9911255697871
49.527864220563
64.0344611236109
55.2724580334259
91.4294362738931
96.8709719213576
61.3829785805129
72.1508323186261
86.0420220672725
96.7045129003304
68.3049922821407
62.4838693649055
98.4035747506291
70.6116112306081
71.2283427789805
18.2698796669674
7.92818552174094
7.55027078507538
1.39907239336344
8.60496856959311
6.61228392052324
1.78990133272252
10.4873929776892
20.9855104546352
25.1083805501544
35.0806267315586
75.5696426667137
52.800834550296
65.4711536884467
61.3530398504507
69.7742925759835
86.1656003165339
77.1796686403067
93.4082879209674
54.3086914956966
30.731630613929
69.0558565152051
95.2265311165905
94.4547646057092
123.819073890171
85.5013959591846
84.5539919933581
101.223444663723
92.0106341387954
93.7083284282311
67.1499778030536
27.2340424624932
14.3456061741037
15.0729996538588
3.95026664171902
4.42909274749016
4.07528752490974
2.88819826671378
7.47962387784569
6.50184229228477
7.08007649945432
35.0494064747194
70.3458347509741
83.4882813827034
73.3850050203911
51.763770619937
112.631476093702
96.22732487676
70.5193992113521
136.814385227796
44.7266020655371
28.3314429456231
64.6500948680446
68.9530690657836
116.384783630208
111.599504434559
72.362096202923
98.7463519654555
83.5894156064127
66.7034653875578
67.9492220462002
54.6429396492738
53.3681144542469
16.0803348893478
8.72849887712619
7.71565581404605
0
0.283310270997002
13.0038311736779
10.6968225322018
5.86328463707241
25.040962370267
93.5356768315054
85.253490765847
96.2192662884684
98.3931542911749
77.8074334809797
144.577788467523
40.1081602133261
15.4608178521219
83.5199434265997
89.6764402683599
94.9072849347996
82.3790481262555
84.0141944438432
97.4325917546988
96.3356584689915
90.720324348774
96.1694948590297
67.0744409553363
64.4987050309179
64.2210004037481
61.7848125562549
51.8497945820585
31.0749684025223
10.6113101607663
8.15036692955925
4.17099835888602
3.95506565700823
12.4328484091365
2.73635700476758
7.6596052595895
76.5750198122634
74.4047412510377
63.2737998178222
87.1710755688021
95.0757798239582
81.3652828591831
94.8642150730583
82.055922117986
20.1270414572921
40.1388413084668
75.4340332718888
91.9790774710145
96.0907910015269
47.8537841815845
65.0824227344129
81.6596701797693
73.0372458076426
79.8637908520887
69.1756875523169
80.6627908381829
60.3363253547611
69.7686089326473
58.2750462129302
45.3384005971407
32.2538146986357
10.7249856619128
1.02189051194302
7.6116740610562
0
7.96669728525981
3.73488428594565
7.25012993099549
25.7614665584301
59.6258059986756
83.4856649644888
97.4437752390217
80.0737536792789
85.7862535017552
84.6867400752275
102.212163834917
97.8387720716951
84.5364647254877
90.038470780138
57.8138300138422
69.9823596205663
83.5400703007288
89.8031898014284
71.1835544088307
79.4223292791512
73.6228943550171
58.0163887348243
78.5972475856182
70.1596602772279
48.0403521784602
76.344546174021
54.0022177632323
45.4854941533338
17.4597493796674
9.36708513787873
3.55993948319526
0
5.22566181122011
9.08448269969456
27.8522204615819
66.1586216370273
66.0934516747595
67.2744319778142
77.1165511224356
72.767402599093
79.5198757029908
73.4638793095313
63.2844949559143
69.569664272339
77.7179310939046
87.1191881344025
59.7316554421411
39.2294290418761
82.056986355639
104.008180086176
101.259714611243
106.666731206719
100.625858999382
76.2050940213517
65.3729522195328
69.3201654378195
69.2599337423521
68.4756538495414
30.7506469289504
12.7142240427072
2.44940005939217
5.22932593197192
3.50265059403254
3.60387084039638
2.83650163119204
14.1619662684892
46.0591142715326
43.1607668302055
46.4902479430357
70.3543200039109
82.5144889267243
101.570291284396
58.5717450948098
75.7132530083132
55.7630015583388
47.0566134138675
112.950868848162
83.2704568156831
77.4814453342537
43.8410453180374
26.9511350001444
78.6951686113768
108.355057094638
88.3941821915102
118.797797256062
89.5732687810456
72.3841833600573
71.2208395699855
91.0820057372724
98.8844448264192
98.4203375120096
75.4966173464322
30.7108783265861
10.839628609669
9.96735070608357
6.1310994479495
3.42652032469798
2.80792603325861
20.7662230989758
42.7016928549583
41.7201426185889
75.7213179276305
72.1521958891072
75.6449236119816
71.1833637556738
68.2358151384438
79.4323889814161
81.5608854422238
90.1696978100095
103.811660914746
115.493303865047
97.3981139767143
78.9306978327361
74.9108156765235
87.1197328361373
102.012859480471
74.9904598593659
99.8633537583616
78.392524078916
74.6824108476633
80.402484246635
82.727103382485
84.7502299276386
117.268944568155
54.7578519899909
48.904468779039
25.1219320115199
15.6379079741893
0
0.629886712644481
1.86136011286781
0.262100450671921
15.0067150605098
32.5398151726591
23.3444960117857
51.6005379675624
54.6326610310946
41.5633854391908
54.7113716502047
91.0577540359436
119.114336151149
105.224424648131
97.6870512232352
83.0959093997825
96.2190518665381
70.2727452735744
88.3741990530601
100.541041730184
87.1822358450104
104.892130809856
95.8489661440687
88.8064621361498
72.2892131092685
81.8606450084397
63.4098707695472
87.939411661843
81.85275504784
105.60905979124
39.1465711131539
29.796036944774
11.5451059724695
7.1812460288181
6.64644322087004
0
10.3430925670566
35.4462903994815
55.4975156640218
38.4756324646645
75.2341683898222
87.2443152663218
96.5474669330637
87.1647132053557
82.1134208732315
82.8251235086814
103.484773870373
95.7381378433297
70.3832502528018
58.9169700151275
61.0882149603171
70.3541986628064
64.4715334206009
78.3886984045477
74.8482759187904
100.913611386892
104.492033251157
82.1440262408414
80.5602145073691
106.915410414328
91.3386965753993
111.030840036924
57.9904359701711
30.9107340788894
8.30991323036594
0
4.5347407559781
11.8183330058662
5.55662645792524
5.84942756182231
21.7863377552629
71.0863895656182
61.661584517962
78.7173568055023
96.7112311760125
94.5140366313275
75.2446311103306
72.0903480174973
79.6271849091261
88.3705899914519
86.228273448364
62.0031388955506
70.160175177483
37.9766125735797
61.3190606044624
65.1406879391235
64.8162435208327
82.4546505985647
105.360193852627
94.0968622307018
66.9230447682057
49.6126756629462
86.8922621929328
52.5263240827066
71.195355435636
67.8595889699217
36.9111858975964
6.24872240856983
0
1.40446038557178
1.64572271214442
10.856661609978
40.1698912763561
68.0996347133316
78.8486712365435
96.0564362124364
61.2476168402144
74.5066379485865
104.731999668196
97.4734324088874
100.967814420885
75.2314710720922
74.7883640102119
75.6357293746982
30.667733130187
63.0824054287278
87.5833754453881
50.2023927868602
64.3675538108425
107.577651610707
90.6083129795559
90.327994148705
74.2240498070046
72.9358264983377
51.8709606373658
32.0815224709541
12.6478477176114
12.0012408233526
6.10309520537925
3.72422902024819
21.5080348980291
47.3094112033304
60.7120893073082
60.9684109805886
74.4291497580368
75.3465342868656
109.62382909846
91.6954875297858
85.0350187875766
79.9387706824705
79.4185835746274
93.0306734865338
81.8754529946307
93.011870457944
112.826841829387
94.4370111216488
105.071022163711
84.5527631453803
103.018430172871
101.498223166581
98.9431207844377
71.0259073988992
54.0012365058468
37.0264333649142
10.7404470798816
7.9893819974168
0.383462816596263
0.234116907400504
18.9016658586057
60.4282189372415
92.8096414552363
64.2966170215761
85.0675074393727
50.7928667720629
72.1710308054223
84.1694507212849
65.7360491837556
108.57041951904
90.608367194044
73.3088529049078
70.0060459245473
54.012435211573
60.2717417542007
118.666399414756
131.211360576498
75.6182714686286
82.1712033386219
94.6990388916397
94.2242446901849
93.2293085363736
88.6409354195319
59.2107644629082
44.8593632023712
18.0346179814007
6.27543969283093
0.803268182856576
14.1788803711094
26.1297186693881
26.7199886286018
43.650591553797
54.9118228763439
54.8859714217621
101.051074323118
84.511511257568
71.262445397058
109.816084572135
107.056270290729
81.4224106759672
76.2486457839302
69.8044444456063
58.0900214492933
85.7080502394829
95.9310606458826
77.2797541049193
108.680431687188
98.1874609724247
107.02821090393
100.43942016419
72.5878776469998
55.5738076292938
55.25406255179
17.0718725185616
2.30126289450165
2.55642661071427
5.22929598948339
4.02519019882607
8.14123366797513
15.0299154360919
16.661735449456
30.6305859243704
39.3041833198097
82.5880257838956
98.2659315227683
119.75450573162
92.7676082903081
110.673101144185
75.4841428963909
72.971102579069
83.4966606103389
77.3377237838069
119.412105342096
96.6220147355419
116.326103432209
97.5662397917753
82.4855729486065
100.175854033699
62.5962788670693
53.2067240189355
48.7373508899662
53.3871117430537
21.5355320615845
2.65851305182653
4.16251477514031
7.84037026686814
13.8748206820468
25.7076731662849
29.2943311602414
69.386706188948
54.8536562377448
76.8298738235577
104.470634788078
73.7550548255996
74.6803664927944
74.7109876185646
104.220148326416
78.3577734201376
67.7551685288655
82.8953706269618
118.373675973942
83.7561055375454
119.259819322114
107.116035020989
84.2652588744264
53.7897647124257
58.5543895427202
69.1253610252584
42.8006459187567
47.9568009094311
18.553072969863
0
5.19060600411162
0.814999182314875
5.29831396571011
15.6034938736827
30.1952606016128
57.4467299089872
70.0688434509686
85.4209807044753
80.5281892033786
65.5584292539067
85.7726893204658
90.2178153463613
95.1782562198735
99.9407807844892
81.3765652388365
80.6344013669397
82.8094225244991
84.8323405954696
105.582564097737
87.0061165523172
75.0713937910374
51.2310887201993
49.7751512009076
80.4089489051738
65.0793378665983
30.9189385577494
19.1321639830921
8.28339701534946
4.16775661749137
2.26280407849089
1.51537230065635
12.2061602881225
28.9102664217178
44.9295154485074
36.9025849918773
46.7672543368201
80.8804669981418
97.2482588680601
96.9054732202385
107.098070044493
77.1589621525896
54.9111188539897
37.1191474852546
41.1088416955114
89.8435292373402
71.0673364731951
73.4066159933053
101.312755081249
74.6662009029775
43.6306994137152
57.6807232716795
42.7234702681199
32.9416206876213
20.7523774543827
11.8405116637063
2.21145951629488
2.05150435929529
11.9277465071703
20.9498326140093
9.72685712773754
16.5827439743208
46.5753516322664
76.1511481084657
65.1334226168169
79.228254417334
102.728113696546
105.718711579642
93.2689724240449
30.1080821328346
29.9998248431044
49.3964515760822
69.6090900319252
73.408160481763
67.4497662091766
55.5223824258983
57.3358817616336
32.7729750247614
20.8108833829206
14.8258493962555
11.1741929642751
5.35678926387949
2.95745699151134
2.26782644345549
6.6774535010573
4.78841201666718
1.97079085012275
5.24821613656866
28.521392794557
46.9600372113067
49.0412533540347
89.7522244414275
80.5375631548152
76.7633944455311
97.5994841078336
33.5983261654401
30.6971438296304
22.3907633407319
44.3329595743683
73.9670421100733
81.7082664835166
77.4551620244061
48.8491068219271
37.6364187311592
37.3834384764855
21.478685534758
10.3005914859406
1.80833043225244
2.51029488411061
0.979918261105473
4.74639382028506
16.2396152908242
28.9619883449831
30.1985561547867
38.0650950030351
29.1103685379782
63.8494476591807
54.9107814411691
38.191868531444
32.5370155401783
31.052178341735
30.6319724528189
59.5864134760317
45.6386741149078
71.9108962094591
32.861964287835
45.5972577396117
16.3075683897545
10.0645288674334
1.3947861009746
2.81867808510001
3.03051302219066
9.67240412542928
16.3036894724477
27.9953255834944
31.666479288618
45.7561464236402
49.1767658805275
37.2056851392989
36.0813968405747
19.4809767079457
16.8368010814917
67.5555076956973
70.3817031873754
37.0404882925768
20.6580985365607
16.3610610694525
4.80056571404707
4.02898964584245
10.7789783679258
17.6858877438888
22.8726648257796
27.6438516444185
28.5777592377656
30.6491372211623
12.719052787077
8.54466492828975
13.6300413898073
22.9663511611411
22.4489369313065
14.40743475665
7.95635072426913
1.88430038475797
6.25812064646669
5.76195059744041
2.77954193296696
7.01706241127151
12.7797425500342
16.0553894884285
15.3435057670229
6.38426293700281
4.01072846533343
8.07679167123326
8.96301041569555
3.33834653217985
0.0212720674770942
2.95536709996667
1.3177664141489
1.78798047090917
1.93377225935622
1.7791457918281
4.48701886644182
0
1.2761567250672
1.04920655692854
3.38181344627633
6.47892816275182
5.46717387114862
5.90291937401402
3.95832276959608
7.21409403585712
4.89002413432609
2.33942804545023
3.35045750732265
4.60175206538591
3.71803005650614
0.710938073133599
0
2.37115836531605
4.81210586126692
1.92968674764641
3.24567251196701
7.27800543525767
1.23751814596669
8.33749574451882
13.0560803780393
12.8298564297606
8.45913623163535
3.12534250223096
1.6255161616971
4.37962176606583
7.10335995177108
2.27689470770261
2.93453761279304
2.4885040362713
5.37579981715548
3.25833544330258
7.6068714750087
6.93713597272844
3.99689471478386
24.3363435399998
27.0517001992413
27.9188042374055
12.6517317056369
4.32095712576291
4.82658071100278
5.66122986306584
3.36796492117808
2.54580481061983
0.924579830640021
1.68871750508903
6.84225011062309
5.28443534247906
7.31996646118806
2.345924185892
6.27227610900197
7.78410226798224
12.3778055121021
4.32915786371259
8.78149534056989
9.23699633778705
6.07552976817562
16.3384395051059
23.6992090443987
10.2899329595173
3.19777707028314
5.33217612645654
3.23680750891148
0.0762716975851262
1.3875643279919
6.81033102442098
14.675056484303
11.6245917245027
18.5217797731762
28.8932990269754
7.89041569813288
2.22283872130993
8.28331889831467
4.04173117691992
1.66076622977112
2.75431734216722
4.2458661895168
14.1743029748248
41.0235744438956
60.5672583402295
26.0909591324863
11.1794515878092
2.16431966461281
6.78396961410236
4.20849460737763
0.22496890357778
8.01288250066544
19.7025964571134
37.0224063373968
52.568621855122
45.4675452892786
55.0105011843186
33.1828264030948
10.1590131849913
7.06523464896823
11.2190022698864
10.1921567010723
11.6344188028043
23.6253792261531
24.4512780799518
42.9720477618883
40.8291694721578
36.4588444752798
46.1078757392296
17.4889844258183
10.1440692896853
0.857285803133828
0
8.94236988054694
20.4444806791952
60.6796476139478
81.2872005594252
62.7801805444498
26.5863959174847
41.6863558881141
58.0248676808179
19.8636393738844
5.25898130914491
22.33181786467
25.2921802787779
32.2580885900437
32.701595164589
38.1879446859028
81.8567286748481
76.7002292555359
44.7547774977457
42.1037143379893
37.9550822818446
15.9293300211292
5.54080085029154
2.5469714507411
2.914154760999
0
9.87538009137012
29.8466116615395
29.5896863967676
24.7989267698607
36.5169487270307
49.1835315144887
27.7097564190905
35.7875948355251
29.4464848548908
39.21274163952
20.2708556714898
27.0355753988657
28.9998852714489
59.6965897076518
49.2161408051512
70.474658555079
126.895347425146
70.7500394717983
41.5569216625364
56.683695536072
45.8960995916367
26.5382990308702
8.6564045895996
1.00522810278071
3.38426869249253
1.9888651329245
0.124411441780626
2.1090223933544
8.0869272489359
8.50568713853478
12.8888754467819
17.3245736898047
22.184876728019
29.0604744850545
62.5177718561153
39.6900724072739
62.6739310080817
85.0368035892018
45.8558854067196
23.7687779749718
34.1144840958397
64.1477609030005
79.1503581064065
86.9767999208929
64.0100224723442
59.2641758999757
56.2259994674732
91.4596378912163
55.8285655964349
40.470137119831
17.8791585591163
4.669622350615
1.66554849910219
4.00619175710527
6.98314022597598
9.38533301274212
14.1035638197068
26.0434042912088
61.6369880414932
55.0158053541716
91.4353401811591
29.3105371599565
18.5419906189187
80.2981081801888
44.1174845370831
55.4579361379148
82.9341664755331
77.960753232698
101.47198560982
94.8013495347502
81.6221681277659
50.9274671192572
59.2869777890133
57.4813364696563
60.6317681993857
37.7266008297986
28.2982920668586
14.1919098675094
0.769657314266885
1.84575520759134
1.04300132865596
5.17352203668722
15.222335580475
35.4979467511621
59.8905156112167
55.5746109790106
56.8105855833687
70.809725720375
82.9973187996747
38.0338061457619
13.5765499694757
60.221930331986
77.7100195942317
92.9543207373267
75.9414273389676
54.8814332095925
71.5345541920989
113.067801296461
81.5380064896086
55.9206585895548
60.3289375704874
67.24032566038
61.1925517732552
45.2881186541247
47.5546355504702
21.982649221952
1.5234795671971
2.73627755288
1.71308797447959
0
3.25474819930363
19.7826079964417
47.4612709595986
56.1333200073091
60.5243137847115
77.8062073235867
87.0630351935614
88.1179459752599
89.6632069424088
108.311949516905
69.128844244826
75.5461806346533
62.1414990740711
100.541206290655
78.1391258105058
57.2061134599018
72.6756488267046
88.665836507131
83.3622639132839
71.2487914220543
76.399095594292
67.9851106678275
37.5027352136184
50.9795158515888
38.2335762667051
17.0659211123726
0.80897987024518
0.234243139918599
3.02199318592378
3.65792948867356
12.1278251435676
53.2946393376875
74.2227559282542
55.500391573752
63.7647856816924
81.9271195041957
82.9036221854541
65.0883173425412
99.4590303011168
72.9985972022665
83.5140147169124
89.1113978662749
72.9904688520174
85.5446554087718
94.3378264591659
65.4939071196353
82.3952468641001
61.3751791606874
63.291567447528
85.4492898166605
75.5890515557771
81.0254627729915
42.4111970129026
17.0842104859141
8.4816255825957
8.85037697694032
7.44439147629711
0
2.14275087098608
5.19812942702047
12.5345350252529
45.9935025452741
65.9402658371607
42.1652948001844
58.7693108984865
81.7826977327063
84.4245119172908
85.4819854785473
90.1823408187646
82.1348154587936
96.5234060494141
75.2901166901782
95.5046167617883
69.4111557954666
79.5076007426214
100.622315808648
85.9333140113438
72.0742156034462
89.4868974570052
85.0170067896563
86.4872643141259
37.1130314164428
36.6537939788747
13.3526722712883
6.58538474731123
3.99567091826958
7.16523690633374
0.917492001449041
0
7.46897111182999
12.6491955200784
36.7704845845461
69.1350397958167
78.9784658257451
76.518493332919
78.3590861472468
92.9041401006169
86.8564605989855
73.7452144038415
68.5253079935106
102.12999951368
67.0041424779903
89.8169382487094
80.115333254987
76.9818553811029
103.046291233
86.5272470623437
89.8977373478421
100.244819175776
65.8951893503674
87.8507066198402
54.2775479303722
69.6958585822249
54.7625076521591
34.7704558593413
20.8009917300421
7.51845769373051
0
1.0633952174635
6.13454033194755
12.5116072795313
39.3184753635447
60.3395452095203
75.9599771577251
73.0523029679565
72.7195570618724
80.6839136910278
86.4399471881888
89.9816941488276
108.401088124281
111.207623546078
100.602841314431
94.9968429053187
92.9414871903469
89.5110964747537
96.5022280058687
88.9594837462182
93.9337767927568
87.085360793276
101.192336667943
92.0787792181908
74.9254814225129
53.9124048021533
73.0088163749984
45.5598144747061
19.285168569182
5.30785184994152
5.25176777345524
5.03052207490394
17.8364751386258
61.8055364609799
77.5497198391204
44.2145451295798
71.3610658369369
103.624439762261
113.005982772493
119.621470965334
108.106795702092
87.6846688257061
97.9171042107138
86.7216833916892
73.1962508520097
77.119145521412
75.519946797038
115.467774336247
83.490972130456
79.8607374008498
97.1325767417422
106.949833476098
126.910614692565
100.844848129383
63.0002266664231
74.8940590479771
48.653536748674
15.803925368731
3.71174684403095
1.54286356152069
4.60863276828255
0
1.99599097360545
16.3798520532682
47.4117711962414
52.3219059082241
49.3722702474032
96.644680360679
107.371801121842
114.985203877074
103.741740712507
90.5196966504894
103.709758654956
81.7907635957692
72.1140478727675
62.3452001813628
74.5895915500531
78.3434479155066
91.5677470105874
104.949905633707
114.627606959941
88.4789451286278
87.2842031506349
48.0596081757756
60.0263103144995
47.6163381516314
56.0839255272327
36.3819950956619
11.6125417695955
1.30821609553534
5.28181266142852
0
15.6100700340016
28.256813529682
53.8319748140045
70.8664884776019
81.9758791272295
106.62592318134
84.6907218384463
86.5551773801028
95.2116308782865
89.6330711797608
52.3244294084992
65.2406310172803
42.8745496947806
37.8781089443138
57.122167297003
95.165186385529
84.2886191385115
96.5023979416395
117.350267043123
61.5131901111642
22.9971696347542
23.9099491035868
27.9862606843894
41.0015631871979
20.6931033046298
6.4364834777214
0
9.21533086711531
15.6732848135507
29.3808777766791
39.4274767097459
41.5727218819482
84.5881804436812
103.685454215327
84.2009919605689
87.7559064878908
94.8385056609057
68.2097843972467
66.3997456424528
56.850153327157
68.289286320235
66.4900517703358
71.9160351066116
66.0688376874444
81.2325972222309
83.5377242353424
87.2074537295493
82.3060995204991
47.6732744956631
18.1965347921762
6.25087548650622
7.41656402358556
1.9010187399358
1.90364142821661
5.88791030761913
3.84600683512691
4.74269170571528
21.0277036658786
31.6798255866105
23.696624404522
22.7446131170132
55.1197391585541
87.9027206883914
94.0580885911415
93.0196664174148
72.4256650624965
76.4566747960637
91.5484090346007
60.1316567928382
51.3932089158456
76.5216871837679
121.045050161732
78.4437515358482
96.9726706287936
94.0398399911841
80.7103971674502
97.6597053650526
79.748763632904
34.0524677791166
16.5349551981108
11.0804090310754
3.43478145387435
4.27971032122524
4.25652849157654
5.36280418176275
13.4905356247221
23.1361997234353
39.2375109352432
31.3479701821605
50.448263353273
73.858782368767
84.7543640915702
74.4813577687237
89.6130084939304
125.554427560684
80.0777185469727
52.2613593216912
30.3300579477754
31.7796077294879
100.941732872551
102.999853981923
82.6549175396612
73.4911885676212
84.8290748772816
91.0824816450575
84.8322713488904
30.93606783452
25.2105404103504
14.2747252201006
0.639284990042575
0
10.4495719957954
18.6680908026906
17.8836276028193
22.236372243228
34.3045171371018
71.2893759078617
83.5920963812721
94.502058930072
96.8096659315287
100.49680433667
98.1036647056297
88.1860844130648
73.1754258873767
48.4756640448284
73.0740010473998
72.3061898940042
60.0553365592238
67.1756826285652
61.0804020340688
102.47487926457
84.4848974161421
77.7508424337137
25.0882361474193
9.23892455782864
0.432620698313745
5.20821411598616
10.1771801067441
4.2541903527335
3.15296866590641
2.44548560680534
5.26784737080204
13.0467612688976
40.7975729187394
97.5913260620515
53.7710612451442
75.4217283722394
104.969078973946
100.951959726518
93.1956528692724
90.0015808891998
87.3756604352822
80.2585353297072
95.8922820948377
85.7967861526176
91.6670156394025
109.24809325007
79.9824401367335
120.332634650242
70.5431602837376
37.7621549378731
25.027064477818
12.439161775941
0
11.3950001145819
2.92329036618121
2.7154069524706
2.39216475365517
7.30317778412886
9.03247300048274
21.7038411343226
42.9923120494225
70.120257442563
86.6167877583734
81.1912288899764
83.8600340245278
91.5895543606137
85.5435879450818
72.5252042114
74.9744750331155
101.42576833604
97.5073781167302
55.132442138879
99.7957890394655
82.9837694189201
68.9214517062224
76.1037598984033
45.5917663469113
75.7932788330867
17.0451892657722
6.85394795660632
0
2.3659841895683
0.100451562616932
9.33202345031357
27.6525951155199
45.3943306114262
59.7626654350598
46.9010052807296
53.1885505184358
64.3879330729057
102.895658030866
66.9778416966919
102.341624160055
64.0257781824917
87.4608526777021
71.7347901400257
94.2322470867272
93.4431746229061
60.0191100005457
74.4308572948836
43.9505430344449
28.8074326026102
41.2123105079282
36.4327623825624
19.1733588065654
5.0427168939333
1.49992632494267
3.66501906436323
0
6.33178526322686
15.5600271871892
35.9764815877826
58.8561911831189
57.9687978489383
45.1903213268494
72.6632539338961
112.270779047812
57.7671247256514
55.8404774353131
21.7758078634999
36.9919592825776
95.6897512771046
51.6322452869355
67.2774814977641
64.0240816782213
40.204508781132
38.4486353067739
20.1534068915654
14.2305830181969
9.30771498684975
4.1669108809948
1.12719816143037
1.72629653773207
5.70382241253729
5.11821967269361
10.8338579953561
26.1702394776791
30.2287505162759
31.1728771523628
90.3106400294512
53.74375545713
76.3309572573037
44.9861980719431
13.9649926766298
18.2006221097269
19.5709679539261
33.5928491672472
47.2224373755797
80.2223993537857
50.5735594364899
39.5422376216138
15.8108244956092
3.22209289023173
2.2786760787609
3.78053824179751
3.80662411187158
3.93921448888752
1.56416013450845
10.9140348212779
19.1364555096906
29.9472827345938
49.152927424941
55.1474404950322
46.842665084466
48.4402182553394
33.8518452216181
23.5683366079847
15.8684415523437
16.4643025152408
46.7497625229067
31.167478770265
32.5094630820899
42.9138739049748
23.6580951684878
12.918014536826
1.42611018079104
3.60828472345677
7.11477433934914
4.16582220278649
6.21254667735264
11.3439227792603
13.3730174261924
24.7514469202793
33.7425159450556
37.3648413983438
36.4375619025566
27.6587319507338
16.1805400362117
9.74245824140017
10.8927302630144
29.1453903878265
20.8288737154063
17.7367957008462
13.3355342016178
12.7364530445315
2.05683999873692
1.15437651476446
0
4.96521208063
13.2872023462732
13.4039820033276
26.1282104851848
33.9355778386849
11.8049823079688
7.92492520208214
3.34362396129285
16.064860938897
18.3282086977363
10.7524131029667
8.11283888738738
5.23631170991089
1.59467664056725
4.9698653094664
5.69362671986253
6.42825431906981
5.2576895087735
10.3541894469661
16.5341361469815
7.13433255379207
5.48292207842861
0.497176033878029
3.36767465685449
1.00525712238343
0
3.02713025358206
4.07638457452327
5.94801812296531
7.13270903220833
5.31812808438219
1.84973339119722
0
2.38997912261833
1.59239321753476
8.79360810133756
3.23559055106654
4.33031140356491
3.32814034929365
2.8299712737934
4.07148456856254
1.23075909314476
2.28581661803172
2.46611842256567
2.22413028875025
5.13019337556427
3.64113800849525
2.96682049894955
3.43596714374864
1.7485013925972
3.24766298395972
2.81754878994933
1.95272396494811
2.29219029016206
9.51851258323448
2.70850589347766
2.80846650284546
3.25178275739349
2.81307119982394
6.39965501540686
9.02964139344645
4.19986254603668
4.81856341953004
4.23954178616518
2.63302162662204
6.81735488275172
0.0366171159620277
2.69345639996706
2.75618391353533
3.55669550610041
0.724621388800628
0.605182399724475
0
0.962487895371141
2.73716418499199
6.143659766626
8.65035472061726
6.23143332775713
9.77971360247437
7.92376424688495
5.18312028840759
3.82228898057567
10.3615542273492
6.81594134283833
0.193403892449888
4.596374944504
2.56393111805559
0
3.62248079330154
5.69710495425314
8.08583681920435
10.2638058166415
12.6819842994618
14.7100730370032
6.77050096852875
4.68051660490652
37.1159727387283
40.1228961536805
28.1414643731166
12.4515124398412
12.1914060955801
8.31852313946193
4.17074252471248
0.471706813687657
0.388681498295408
9.59855872091326
16.5484742430648
16.687620535098
8.32142976360443
9.8330754454623
26.7305810394535
39.6561253045745
4.08014430725078
5.21959047977155
4.90312221049773
22.0194568376829
34.0162427696267
58.582695709985
47.3508782645562
37.483316741285
13.7533952115032
11.5032132354801
2.19243034874421
1.70281312175006
2.87433718761157
8.14016175231463
8.05994198076374
6.81529620400479
4.57255515667798
1.9735072053093
5.1006591310292
8.01982316749399
38.7223940981222
15.1118343126227
15.6096279732075
15.8524956102779
69.0848588221552
53.3489824820139
61.0745248434411
69.5182977792477
52.9311771563315
24.1865752405635
18.2633694950434
9.84191868324108
0
0.226771558263696
2.87927642158776
2.84500161083985
0.346237479503773
3.16868820570437
1.97685341753983
2.20279972762106
3.75831568027355
5.79928986808135
13.5049134639593
6.85593222128733
5.67926981444312
35.8329391599642
22.6270667253222
20.6239113127865
27.6479056543432
68.0579767118967
55.0478428649791
48.6942690008787
61.8510305309089
62.0264678076053
15.0759058473209
30.0946494858489
16.9095582194635
5.50918380005989
1.800375693613
6.823665086742
8.84149650252907
12.5145738649366
26.7163367675986
28.0446757314238
50.2348780114799
106.317988126559
19.7229369114328
19.0405643895726
63.9719559404207
19.0231449663138
10.6673997699792
37.3178639323568
101.015962195332
67.4353018699081
58.6343320458486
75.3055344800602
51.5164495428319
28.2354869769918
32.445084536277
25.1442741154857
7.49020561639632
0
0
5.80517639992777
12.9407512911588
35.7353275264514
47.4784079761307
52.457393846109
81.0023054158611
50.8170359929116
76.4857733146266
59.3476536325801
36.4311860228292
58.3177638954079
41.4674199277727
37.5552024620119
60.1723777452246
67.4669154685805
78.2240237886749
131.304861713385
80.1794846818825
51.9152594243464
57.4938618663494
43.662635911283
40.8876921270539
17.250094781203
5.52740281998265
0
1.95765768992541
5.99410566851845
16.9800362379903
38.0146387281367
32.5365749460709
47.7115708429561
35.0120420528646
40.8801278714917
60.3564434700002
74.2558535569729
75.7191984460684
77.2560037924487
60.8002655608261
87.0715345399273
82.9134104732741
79.7401560435294
75.8457488313799
72.3123980780765
72.8571920204761
55.0226723092154
57.5665346235253
51.5801081550777
37.0369601408038
16.9138436915589
6.34068106744606
0
5.78750860441267
1.64196007435
0
6.89238874374153
20.9307177889243
45.659789158006
44.8502558526057
66.1556769184624
61.8493174717083
75.3765263163438
94.6574502271806
58.0559974542266
88.9012349823221
47.0880810652143
66.5615070317529
81.3747239951713
80.1551182962039
67.1513304883786
67.5772360791304
45.5532519078447
52.9909523097405
62.9170944030825
57.9866727777537
34.6629341451498
9.73368102598652
3.51279148981999
6.06822921683365
2.68912493023655
3.01004129628901
4.96714079301493
2.03025096883523
0
11.2093940940799
27.542144719869
32.9887026356938
42.0818392859579
58.5338131998099
57.8624076159679
83.3443103785777
82.8429466283039
58.8202336981693
61.5891315841354
45.5381455176908
48.2562291295867
46.6145886415718
65.0672508348542
69.9042791220172
58.8658080551069
29.1196403664845
49.6917053608634
67.7540400410653
24.6959148471944
11.0360029375307
7.56790807820986
14.5953322481029
11.4347709512359
3.48620176607812
0
3.63841592683818
2.03780741857587
0.612689494288038
11.9889669298103
32.5774851735636
33.4060729330808
73.3023784138914
45.7041193785089
43.6790647182916
85.9831155374653
66.2463435725567
72.6005790825491
110.796849848212
68.4129045693164
89.3043647002728
65.913187297715
47.6704428762847
122.336474220782
61.5582053887954
79.6224772300141
58.2492461861653
59.0843923623342
38.8720917262533
34.0543989871218
37.4756846407018
24.5691802858191
9.9945050936325
0
2.76311083633365
0.810366561938186
11.6774578019701
22.663908345064
41.6746939789005
68.2345859808338
43.9632786595269
65.5488377764437
76.9172946759017
92.2792716570279
93.3429051731313
77.7243739934053
78.3702093344878
63.7596839245003
74.0608840535838
67.9805023816707
111.036764230707
86.6583750314274
83.2076902774498
67.0943406605186
72.4648326790265
50.8248586443936
45.2950607863365
35.404174556369
22.539170944325
9.01328224524348
0
3.28156472541611
3.28170866470758
0
12.7268248532961
24.6619572113649
47.3960562665251
42.3596486708533
61.4199194869677
99.9562129673252
100.264037731355
77.164870335846
74.7743187518351
97.2226938450041
82.8713175671562
59.192434209843
80.3914793361108
72.1443135934308
104.260436041185
77.4436187484779
82.4340531154066
78.120274736409
56.9709213694573
41.8906544584355
38.4565456968854
33.7377011173524
20.0071492245651
9.3460382629579
0
3.54587284089095
0
8.17143705455847
16.8489256576733
31.3995998926694
36.3399176517921
80.699548845125
64.8624671005347
82.0771438705057
105.065996007178
90.744334908661
84.2350591324884
75.9218733479894
70.0822449434471
76.0515833439711
89.8511754002664
98.4636228412959
72.5939773887517
80.6947948585112
89.2190291690414
58.6961297718184
25.1022286504879
18.818481348209
16.9316891107884
16.2648435129542
6.07557519252205
3.69614475955087
5.55674884886719
0
1.79186113870216
8.86265307940596
32.5770323215778
37.526323888086
42.3199407530041
44.5707019906118
61.4330527074411
98.1006590103757
102.603217536347
78.5168132797161
64.6144656541699
34.332937233275
60.3802596977513
74.7683116621731
86.1289934936617
89.0754326062353
77.7136930059096
77.963807949824
79.1753388015852
22.6682714962624
5.73121620711566
2.38438582371164
7.90303136504346
1.76074279563058
1.51952992736114
0.467219885456171
5.70769381729803
14.5680801326244
38.2877829670174
43.7384833716789
47.0677386370364
85.4066731987147
94.6089767537197
83.0583959301839
85.1118537509788
58.9654675378566
31.6641729992669
69.7214124836993
101.350403501866
96.3089496375724
82.3672740034621
77.7321641670034
100.766324515951
96.95045144532
65.6793878031087
12.9787650975481
4.02935275484312
1.1205619438175
0.66216978788281
0
2.37164053769098
5.13983673866183
22.7216664288116
40.5077907586234
47.9776161621742
97.5552623579817
71.9216740644914
97.1642876720895
82.4728580763176
73.4622523745603
33.6044140710392
22.344129279719
58.8734855048591
107.603575759829
68.7235351908393
66.6524997865854
80.997320403622
69.8393686858777
68.1792232929749
30.4192600010903
14.8299291754775
4.23581050679991
3.84319353134545
2.44802776099908
0
2.138481606386
5.38103107767502
13.4578386198352
19.3545642925522
42.1023251859091
77.363585013998
49.5096468759042
72.6660737721166
115.501120856753
100.617369115385
43.8219169168965
22.8558178505282
60.9028364478681
103.109659595908
87.7566154159453
88.6237751517246
65.2692028282537
50.7000715010032
47.8943818864378
31.247565271487
14.7611292777282
7.12823620859468
1.33377392926548
5.35511618622031
3.67985678003475
0.0912733049761907
4.45379410896944
13.0806683483626
15.1662814136675
27.1186179685822
70.025095160577
78.0209811025888
90.4033225635545
102.920208705159
111.022602174188
77.5033052362581
58.2296230819363
77.928719439894
74.7825254073837
79.0218178560344
63.6202630518616
46.7098377616544
46.6117999396854
39.4004781255202
37.5784407542585
15.9399080953807
6.2526589159734
0.83638863995011
6.85496638483506
2.94395372857342
1.82730950612581
5.9288288326643
16.7895988575501
33.537184356299
59.2150404167229
43.6689188489384
61.8236875280902
73.0412780579272
76.1526536011488
63.4016931899033
55.8289990409869
40.5947922497734
72.2855213550903
59.8593830693715
84.2849611699692
74.50893647613
53.1491993430448
61.6291127765129
92.5059949285246
43.3720018121997
15.321191050545
4.95121762430292
0
5.39219685119739
2.67545386400222
1.557458128985
3.3356575841072
6.54237553997271
32.4466967243881
46.5121601341305
39.0963743847341
75.6540578466677
67.730625985863
60.5779497258873
59.9995234062926
38.7064650278454
19.3527867377555
45.4003814279558
68.5708487948492
66.3013739731484
52.8022835236436
40.3599775991754
67.0878047783165
42.4592224189829
41.5818727190461
18.0105711787185
0.36878952882659
0.165306122656683
4.30318418210243
1.56275528616128
6.66700929546113
9.62092524016624
22.2843739737673
27.974668360603
32.9513915381698
39.2839130072599
55.679238854147
15.6106637601185
27.4786497642319
23.1671414320425
21.9233793212139
31.0766182222471
43.9078613653991
46.9980397104896
51.2608741960582
20.6167369807742
14.2255545487171
12.5484125572573
16.8310306579878
9.95188489269603
0
2.77028697179345
2.6635531361035
2.07765659684
5.54033702222191
9.67717125494283
11.5648813480819
20.1542364736701
25.7227522593488
38.3255899589276
48.3771398464144
23.2710758093576
8.62770827628938
14.2309393895154
17.4105057296098
22.4791066102446
21.7972567273504
23.7619342257203
42.4034044225783
12.4490708145571
17.8956364212844
4.87695452975759
7.15651866211095
6.08675563316831
1.69697882595052
2.13119114247258
5.24155844727777
7.93596301177038
3.92685439506893
7.26377383482576
19.822899462611
62.161464829834
56.0216076796128
14.2708090966316
6.41253883973664
8.82997614911636
6.88762198127672
23.1361743258156
33.3180859765495
29.6544211801929
15.9986975680109
15.5176147705821
9.50235303425659
2.80563079859545
3.43255446465259
0
1.3198447644305
3.51214590256067
9.98933711716804
15.7316141808913
33.944714593434
19.7904372164158
13.7814002834889
12.8788872367979
7.62338758571483
4.26439052524087
17.3993838923374
17.9631774120603
15.6818206879954
9.67066092887176
4.35491740347205
2.72745049723292
4.6118479221106
3.84571563139871
4.81723477227972
7.17404370512475
7.67157331171037
9.77104111269853
10.1304088350624
2.61547941940736
4.84896125930338
8.09776166210776
6.24477791279641
2.35240420216159
1.33240678511732
3.64017614454526
2.03613078990204
5.7048301927426
5.74235431020069
5.31655622768748
8.9262528511601
9.08485062620739
4.33353642274279
3.69997865884638
1.41807352091836
0
3.13500007726469
5.06774263013446
3.34257352197705
8.82909708445485
9.09112805272971
4.96304843821666
3.20793306511787
5.15175369184003
3.01189545359966
4.57345067874488
5.89250562614494
3.85921496269355
5.79896881443741
6.53639905686979
3.31576929037002
5.31966772550412
6.13986384743654
1.62605926778649
2.13126128833843
3.15934017617723
1.26859984271847
2.50528000447748
2.08047451437867
3.2357425663772
2.41267575472839
3.48184586849159
6.8005378095951
5.12769664042664
3.75492960498027
0
0.671085369081316
2.28750497638474
2.64491169240146
1.51216335450298
2.18815644833343
1.23657837646017
1.69516826052942
0.502817133690201
0.46882363289036
1.58522664372651
6.97724881451914
5.82781754990184
3.41228902056695
2.58075684044246
6.4679203653866
4.30866762735549
0
0.424802457121741
2.7144284254629
2.63457534111092
1.99417733003405
1.46955187217107
0
0
3.18395419345536
3.87085050464647
5.2067308667006
8.91130396482881
8.55095704509577
6.23616528980612
6.14289606441735
11.5518606903397
15.6211398389826
14.8445395691038
11.6675316394348
6.17814455343301
0
2.50761935130918
2.5199806318191
1.33314524513614
0.4602036059444
1.63485611427994
4.02086783502292
5.9809107447586
4.07460204815908
11.773612783482
13.2926380191952
6.30114410125237
7.78610792476131
10.5567963921272
30.5184065309318
28.6083604553682
34.6285371649707
24.2875174950938
13.7833674620297
5.88978506712301
0
0.470894071495913
3.26041670073384
3.68955355986726
2.98634350343018
1.75506217176086
5.48328025017703
9.17773665688397
13.0840743537552
10.6119703104188
6.91103374584644
6.50051105071723
15.3754760521856
7.78933751680859
7.13687520846016
14.28095349739
43.6804766081978
32.3957503637378
49.5394060639655
40.0590029930577
27.5596062585306
10.7942693828741
3.98517784267574
0
4.19769588151992
1.09459436437547
1.09974649294419
6.81468449678045
14.2943799055183
22.6765762981609
19.5021426384171
20.7763326242264
29.9288351186807
7.93123630556671
19.1732388428408
8.26832656351646
3.48713505179636
45.0672858582901
76.1401223173678
41.6743268785509
34.9666416497713
30.9466739109932
42.0193571751278
16.749022770855
6.00309179533108
0
2.9017141475216
2.9827589014251
9.80101262531067
15.9753958356314
16.0975914352873
9.15211963272523
32.682518851008
57.6239510356968
22.0762838237048
22.8550500331324
9.77252404078859
5.83759441064805
26.2421505057212
69.1676016228426
69.5050954320897
70.1960501300097
30.1607732490441
24.0252586553538
23.0667173984864
10.5485367522764
3.06056791161989
0
4.51461815672509
0
5.30425648742928
13.1517990076748
19.4867488880513
8.13992003571004
13.9334046077289
54.2468110417234
43.1842236210192
48.5325801962805
30.4835007695649
12.2856491964478
19.0094248688766
29.4902325564419
35.9225499115234
20.3167869568607
22.3585426521087
47.2371255522178
29.4163222909609
30.2354750939106
13.3971893420245
3.91388479517218
0
3.83536050267418
2.17184375121055
0
7.18330302611992
14.4545030982764
17.6302958361982
13.8372068439323
44.8511990040394
84.7505927195679
31.1901771867013
38.3080565352209
19.5204293878081
10.0589574085399
22.3618581285358
32.7030646945547
24.3718876201179
17.0997071908324
15.0272338541623
22.7941914341275
13.8540634139508
15.92146592386
8.12057558529576
4.24386366295272
1.82591850984305
0
9.83634255754713
16.8098263945769
16.3964702292414
17.5503310571348
51.2983753706854
67.0551579067071
53.4334187486151
68.564774228808
12.026439451747
9.50522074864553
27.4624782541213
31.795022476945
23.7037682351735
13.7711954630969
5.76430306162788
8.78269560806472
7.98982845343853
2.43975182473621
5.44466352561012
11.9636758244181
0
3.34093398585344
0
2.8546339896435
9.11172684894234
20.6664033415027
31.0389493514324
23.6250686714661
56.5431725331955
57.0923633432361
65.9186949304134
90.3377970661483
35.8495161714686
32.2129995442729
42.7050314473198
28.1235902774505
29.7957553804108
37.4858962825293
23.474088308393
9.21156117900563
9.89933348858872
9.90946551135805
27.1578106362048
11.2583928992608
0
0
0.634601943711884
10.3280548907515
21.7307378929886
34.1935009785931
43.4573780015011
49.2124957752126
55.486671510737
67.7668609265752
95.7610074975746
68.8225254239156
31.6781959820078
45.0957253744414
26.1468681995282
56.2238507641157
40.7273061323766
42.7204737589756
17.6069808192205
16.5718074585595
32.425256303358
29.8517595108906
4.01586030111075
0
1.97020414365344
6.43377671504119
0
0
8.97424443310618
16.5787291320869
37.6485697456313
32.9190615405732
54.3925068509316
53.1305462194203
57.4855652691599
64.2232262097834
54.9912236484132
33.073759368865
53.9008151822695
25.4786366105856
79.3960450151713
47.5366823637984
54.6098797708402
24.7132527516136
10.0117775612024
7.51768480280184
13.1939590350269
4.07591580564175
0
1.70731887101998
0.103378534832004
0
2.52319163028383
8.94395691330449
35.3377125284223
37.9194956348483
70.0289116343718
73.2556862188925
72.5486001770338
52.1951156525428
52.227824136269
31.5154890885168
38.3876690509338
33.1088027426157
62.7528238946965
42.6062156964462
34.4485048190551
100.443834638729
22.0558297250048
3.8841491672962
4.29273747411811
3.56390507071834
0
2.68250711821919
5.69535087105122
3.32619270946558
0
2.87236588953823
7.41197479896447
16.0690531669841
32.8422273926585
46.947772531534
70.0670624824739
72.3474050838819
76.6683420073116
38.4160625922363
20.7154988427845
23.7076003156721
38.4214222757573
46.5967603765392
63.5462801049163
69.5261543507289
65.8064500250823
59.9796354246085
17.9749482253384
9.01551949599684
4.69246404778083
0
4.72945146912553
2.85928174952878
3.62160709312126
1.23944503649515
0
5.52554482887583
9.95679157500504
24.58226032559
67.2380342505751
51.695254378521
63.3306044458406
54.8330508480389
25.5349857876515
30.981179729284
19.9312954365888
33.2095204145365
42.192741196678
63.9684572801835
59.2743450037346
75.2332081144241
91.1836262198616
33.1863239649669
13.9117438214749
4.38240700537849
3.59463386287754
4.15861619644979
1.06558758681072
2.84447441501817
6.55787920720687
18.1382010491905
49.9141115716466
45.6155245179924
89.1070385028656
46.6937698479657
30.8104311424554
24.5557542701863
16.0744394879558
34.3242433746888
58.2127963747671
50.8764883695327
54.7875571470958
85.2034585691653
73.1635406751843
27.1661050600201
9.23353450062772
0
2.5168929526274
0.994688531716509
1.58588042944076
6.40599650707779
17.149522778671
49.2592896156089
34.1969200643216
46.8534550322459
64.9917957772664
38.6438458026964
20.640290633392
18.0507836144728
67.7072232311024
61.9319916031322
62.3481632555097
48.5788103600381
58.9985752454188
59.8410533942703
18.9042267543447
3.62767964667299
0
1.92134256735182
0
0
5.76762887093064
9.73838498479876
41.9495929237519
56.8810109347116
59.2232060488239
58.0659526244795
41.8970662087042
22.8645365054415
18.0314750542346
67.6283282267538
54.9131364106703
83.7226310262818
65.0363144287839
33.155536412624
49.6001738112942
20.0541387785754
7.67290598960464
0
0
1.6301959547461
0
0
5.93726249756429
9.78181131891055
31.9144744549547
82.4492142963328
81.911279582227
64.6676272553467
40.565441818317
12.4998676490217
11.1990579627175
26.2189557241221
54.50784513477
72.0744890780451
47.5479437587879
72.5427266346656
49.8622300146888
24.5102142929544
7.4330232495652
1.35650614202793
0.652106801311748
4.02508396758019
2.82169489409969
2.49031007951077
2.10094138792652
1.49252830406158
7.53415327659846
11.0164879600663
22.1280981458839
30.3667996490441
28.3906928947401
25.987750329077
24.0488568623275
7.90755654676016
6.00686179880926
19.2871007680204
80.8173895464843
117.752758233952
40.3726327020118
24.5067623322958
25.3641462903224
19.073237315492
5.82696951042548
0
6.108137402203
1.33636234909241
0
6.18498678903633
6.3729022496982
10.8689209191971
13.2775553446844
19.4382280809467
5.94766311680499
5.90361473700438
3.08251766961829
4.57958498180328
14.4855290100628
23.2043851973441
24.3286437668002
17.7402287557585
6.93052275937526
4.15646763921441
7.49266176691888
3.43972892883448
0
2.87903931811889
1.96163058869486
0
0
1.5462898967781
5.33434018360597
21.7748357263453
25.2130640376441
6.61937759022652
1.60421386766098
1.52219405289455
1.01004110466871
4.00704009007031
4.20030983074892
5.50915518880598
10.4146926022634
8.73919723533625
1.12012170693168
0.237182475111149
2.36644568813595
3.34647738188261
1.83185092761729
0.0038571378123031
0
0.530082649687944
1.97969811760529
2.45908662438322
11.6084252903352
12.5804844344813
3.32135314085586
4.27814632733025
2.68518244570199
5.72463497458548
8.54519825709751
9.29345999662605
6.90483879032427
2.38790298473346
0
0.14914052183264
3.25874829173529
2.09897358837015
0
2.58166387363604
10.6832827104138
8.80476121496499
3.67590137192305
6.60586723489162
3.11920417926338
3.06176537495702
3.80927986735047
2.81319119174264
0
0.0930636834098692
0.284716165277591
1.86712837703569
1.41756121229236
2.6044566514041
1.13441684865725
0
0
0.203734235319015
0
2.28196349964712
0.348425477226713
0.154094028533093
0.307526984928193
3.43601049799356
3.73191030800574
2.50149164915019
0
0.459536850365177
0.64717750446704
1.21025068104844
2.1746080769282
4.93192330865402
3.23006264699598
3.40559939683808
0.191026875872799
0
0
1.61673898600286
1.63472051609308
2.25593293222898
1.66804644487706
2.23309647164717
2.93242450074173
3.93273709187539
0.45871518435427
3.44571038765518
2.52662221602485
2.44503261707031
2.69125950740365
1.50257245935732
3.36828034781403
4.16773384438786
8.93336108986581
6.86385807294694
1.79465789530047
0.299630106040098
0
0.506304710313536
0.962549835274995
2.89549951757223
3.27857510424457
1.11457860754908
0.410717133047076
0.968007378536874
0
1.79555494571615
5.6213297102429
1.41447378318869
0
0
0
0
0
2.9650347106482
0.102885457457985
0
0
1.27604736099676
1.13459801098023
2.38567675573639
8.39978188352257
8.33384508357162
1.27473566504019
5.4575260771781
4.5643191794835
6.26181969528759
4.16210138006746
0
0
0
0
8.3221415604472
6.11465972977533
4.93570268661731
13.7856414713004
9.18160587500945
8.04918413319257
10.0852871411576
16.7261487195169
15.4134148088591
7.24133630236188
5.43160108594782
2.13886844837634
0
1.88638026329976
2.55052796802377
0
0
0
7.38643874636197
10.4648517225303
13.6929810632685
14.0236328001993
18.5129827674078
7.19527855477285
5.03471273572374
34.6278324332209
36.7693588955574
18.5412274281334
15.1471544366125
3.7348754426273
0.808417098032599
0
0
4.56777761456523
2.47642006842438
0
0
2.21676432152287
9.76807063810939
16.487309471006
19.7856034809721
30.2413887085686
10.6343000003825
3.33809047178321
6.02195790501047
12.0847712145785
9.47446011782665
4.43291912575428
6.97069522945309
13.5436944805705
12.9564330681288
3.94142013629568
0
0
0
4.8848006008272
12.5721160572374
24.0299434236434
30.3666496124627
13.4844809231684
2.65071590574226
6.28864733060222
5.64354636227652
4.29616443251113
1.70876327860992
3.63058126387191
5.97020411701008
4.91954915748242
9.00872101352725
6.76998429732911
2.12817810549499
0
0
8.23855200674292
13.0208531491238
25.6982028569447
51.5429889103936
34.1500864518467
11.2172728046584
5.94954929722965
7.35144619973524
4.81157352001546
2.65978960641589
17.8656880355979
19.4650113042405
7.39797627652508
6.7509460683789
9.66196144100639
0.882760527165741
3.08117025759428
0
0
2.48573994644287
6.76867109037499
22.6842893313593
41.6684416329012
32.9509317420745
48.5726894112185
33.311288080865
4.63093241639081
6.43664366596233
4.049287466511
8.56407190916
35.5292964144902
39.1180424806402
13.0817619232888
8.17670854949456
10.3263378224772
0
0
4.55001483119363
0
0
3.06817835366051
12.1861758504898
18.1936701828413
31.0998189963357
46.5358205878336
58.669523571413
35.9218155327885
5.32212506547583
9.03691988308496
3.48863183614325
15.4227575721831
79.1465797066645
36.8345855664846
11.3229895595873
7.17086012725599
7.13773803304284
0
4.7780581810048
4.78967085944799
0
0
6.36967987625634
7.94768711871103
16.9053506914406
27.9587265495087
56.7321403458404
44.6835208123507
36.6579351772466
8.56474781472213
9.19337565394293
4.52288941383938
26.9436716673232
17.0503016572526
12.7683596992828
9.73498702797932
4.32382211786085
5.1567883682621
0
5.58743066244313
1.4201325852118
4.70196692380672
2.84621484344726
0
4.2039529589211
8.56609903885704
15.1814827302607
47.8446882914498
34.6549682656514
34.6794434115735
30.1003165343893
12.3431590132202
8.84625597160864
11.9091080779771
12.925388283316
6.61160894265956
8.89785212012554
19.9439158886199
10.9625372612014
3.98810732480606
0.65099520721003
1.13412411491948
5.82010901066267
0
1.52738293398182
2.48260236873713
6.78597322551483
59.4567532959188
29.8429181474267
25.4790668520315
13.0063534446928
8.96226457850241
3.98411512238187
8.65454239050913
6.01117863367243
9.58285169936579
43.119747778973
35.3577197537694
14.0878064613739
7.16807057524186
0
0
2.65473530351853
0.14480010660646
0
5.88658231010336
18.097163495741
28.4279712207647
27.4783911807656
26.7880456866574
6.18248273432449
8.82771781338186
4.91194079993414
6.27366817085963
9.20242242430766
32.9967022745033
30.3108540370619
26.8932346566616
17.8872485225558
3.68425807717566
0
0
5.97362529055998
14.249723962344
23.4869151300676
29.4113247785917
27.1641194285547
6.45748699594434
5.3748243014647
8.7511295009028
10.6371078867134
20.6720777629092
32.525663839657
21.4769297646776
31.4184408637407
11.9931359058564
3.08931112265439
0
3.65086016026639
0
3.5315022600524
12.288639355806
26.1144143413848
36.2652102699118
21.8982232770219
6.75172380491195
5.39363523698897
9.31564746941951
13.3237889955034
35.668749111143
36.9135303130374
35.6640817635663
23.2707635331707
11.5916449152181
2.3838544396281
1.92195979977058
5.24774584014227
1.43878510162142
3.24387968230897
0
1.8675065957275
14.3235202829515
29.1354706473962
38.8342368875346
16.8001524155221
10.3870586541399
5.26865101300877
12.8087124761947
16.159768672444
32.1381349285078
38.8299613416555
34.3845149866732
19.0043768916851
9.21252717275801
1.52366780593588
0
5.08134849938947
4.42766083128541
3.48592398461481
3.15400714333005
0
0
16.1856839961008
37.3110547023172
31.231493015686
29.468411061962
16.7513932526582
2.6175712025239
15.6230682621183
12.2419147367372
14.9487427821683
34.4080034663544
28.4386298815792
17.7901446888064
9.99444462785871
1.62989972034275
0
1.20578080134748
1.58853749670375
0
0
10.3982695220156
9.23542318325167
9.70695313212033
20.876010066366
14.1748864448066
0.917252867614878
10.5193975092189
7.20270657790868
20.2684182473666
26.1047652852793
15.7279579809326
12.5606178988756
10.0847993392167
2.64754868240704
0.609167120794218
3.40822090134961
3.58385961173644
0
0
2.34746111852053
5.86476808971673
6.20516733318648
8.38827455950882
7.31187676046051
2.64382736967873
3.16754873297824
1.8602378602284
16.127496895879
11.264413651409
4.48823094932579
2.25622108513021
7.16415278134372
4.97845490681755
3.09901825026646
5.43345328819414
3.1936182746183
2.09984132191081
0
8.05109584423253
8.2341614370959
2.5459084960686
3.71619486409685
3.5942703556745
3.63217477471553
2.11562204242416
3.00821755117321
1.44921494470359
0.0204837356431573
0.556617187401611
2.55398484434074
3.26920947611735
5.96252433123439
1.99368003320901
3.51509826936537
3.64465680609796
0.930131757488386
0.120277014318028
1.3676288123204
0.338660519997956
3.00765109088942
0.051788812258009
0
0
1.59778085032016
4.83876403833562
4.13725927965776
2.74406585794997
4.15810113412697
1.23017623051347
1.94748705370231
1.91988453376305
1.6943212009181
0.869763617671661
0
1.92188080399895
2.18370610000071
2.31474678183321
1.28579430025444
2.69090150355539
1.13834855170133
2.66793989402067
3.2103325692436
3.339215349789
3.59735060233738
1.18561492323075
0
2.3846717855988
3.10881858941617
3.39095305588303
3.07067938400625
2.61573872202182
1.217010693596
3.33304316831134
2.53010900789242
2.72240419377789
3.99597103058452
4.00680538247763
3.7894381354017
3.27676009170174
2.93305531900836
3.06468820340055
2.06900042356621
2.08803807338994
2.40739490169268
3.90382706592007
8.20138542080063
0.792799118256151
0
0
1.72964968165077
3.65796544382338
3.58907741756523
1.86281750168679
0
0.665009122065173
8.21718152506817
7.41915907439385
7.85941875786528
6.20982255212842
2.3068027347164
0
0
1.06270364248981
3.70799949819446
0.602718241222114
0
0
2.52557049820518
6.91776771336066
6.43764054938107
9.62364492043733
12.3940589604816
7.58670917175911
4.99271052720011
3.65414889144094
0
4.0242457667483
0
0
1.3306655614901
6.2843561728829
5.41993328437678
9.29821810456101
7.37433974062934
9.20645373573775
6.5126413163421
2.2678503761166
4.37821510899059
0.896046590823344
0
4.71628567257137
0.716675888136648
0
0
9.52638529365302
11.5394634979436
4.78783621704443
6.11066449842057
6.23241937688604
3.78849818324246
7.59002254375586
10.0267737245994
6.6284482652212
0.556070467424161
0.130941764756046
4.56530725397407
2.77948516959418
0.553121394943218
3.75433437700036
13.2803524476641
9.54213264732492
9.81200769107423
9.63703501038456
6.78849536427866
4.83174723016756
15.4826930059792
14.0692230482269
10.1262766371577
4.95051447275064
0.336392798409198
3.93618435324854
0
0
5.30143741268192
11.7959475789941
17.8420221855178
18.6524432044766
12.7687466209615
3.3857377136417
7.65834471775985
13.0704084824346
12.8061281165445
7.35482617855187
6.06121061716929
2.92425635613732
4.47771385004565
3.48461480841696
0
1.80523346237035
5.61163895593416
13.1513125816677
23.6748115804877
13.3145993628228
19.7553391828098
4.49066542367351
9.31869959291091
12.2018485949212
12.5585072329236
3.48944354568671
0
1.97717253070852
3.98723007887855
0.0915941533668403
6.54886096918484
9.3978906476809
18.3682104058346
15.2032394173722
21.3640426563678
17.8942486041519
7.88138529008398
12.0010480186907
10.0433589687264
4.04183183236768
7.1143579631497
6.21957555897021
0
0
3.54025940775818
3.29858957907926
2.266170679338
3.47294815937149
8.31798733055607
6.82977507941876
8.7475405444439
22.3132069957315
15.8065374802645
4.94395649983337
9.64533573240393
8.35945803313507
2.21323937315403
6.48727022378065
5.16138635019951
0.914175557481309
1.72878138815805
0.708393736361486
0
2.15747696444787
3.2053427680348
8.50149874537932
14.1182029339029
9.34520834480381
4.79577370688723
8.96052124676331
9.86806747197211
7.68344760912346
1.20734599643728
0
0
3.34385824335941
2.60175741848223
0
0
1.30950155436837
6.49886098689025
11.147509007819
8.88044722312644
9.38443349963342
10.1546478489153
8.73529103541645
12.9268858195035
6.59530004566953
5.26907961109247
2.95629958263026
0
4.52196645424292
3.08489542999648
0.903045693365451
0
1.80665956259824
6.73742121968277
12.7653986424967
7.91045322335178
9.03965055052455
12.6135404552414
8.4546590236953
11.3816330133681
8.9464406332048
4.9975110543341
0
0
3.55780710378634
2.0258862839238
2.85516806945646
3.22948217445707
0
4.30097749073275
9.14013394182712
10.3056198762637
8.00946962491785
6.72502320343243
10.6441419533923
8.66725546188039
3.06022029194612
4.88619614379152
3.87819022236062
0
0
3.61918317324788
5.25277406114523
3.96454354963302
2.72403139592928
5.92756105141556
7.34171204002701
5.58071587186311
2.53790983734735
3.08358301182484
6.67712080075302
5.74854870339561
3.40428267846419
10.791028792052
4.65156651692967
0
0
4.62450296409638
5.31960523749499
4.15069726524433
1.02967997486162
3.92131156301292
5.77425684378012
5.52356831537027
4.98752116825233
4.19169872390538
0.949448949710657
2.72269700033391
3.43999249285428
6.95577034480029
1.84748323924472
0
0
4.2722448960945
1.59715240101204
0.656919273102144
3.88918014945338
5.62918565519638
7.77165449020898
2.0293167107602
1.4135948833055
4.97788444564168
4.32360586459179
0
1.9528788232531
2.83318658252202
1.19120496764432
2.80977334122955
2.4988074757374
2.16232763975438
0.594135590765147
2.97114762012837
0.296448475520264
1.3592965390251
1.16178602736144
2.14131432171137
3.04741874765453
2.66589572021701
3.55813744393148
3.47399423638638
5.80395386682598
2.75885570065027
3.85963562739683
3.94548622374829
3.22631202629396
3.20394149976781
4.4785891626938
5.40254198752206
4.16141538072559
3.34038111269839
0.306685219716264
0.344731079653881
0.326673347361389
0.286654547447041
0.290737205598507
0.317560902753186
0.296028512430715
0.287324218457678
0.26780732093786
0.273821494337434
0.192724443023594
0.18472209779952
0.153368211216272
0.234361424280059
0.220000203893942
0.155150679569524
0.160750440720429
0.116971122406064
0.134491907320613
0.124582704659513
0.124573433370841
0.128276383269791
0.187398312422359
0.16673186955447
0.130585201362949
0.135507650523051
0.120012635728355
0.128096270223971
0.125485329024929
0.123701801064309
0.130432997581821
0.125644363154262
0.113576404578015
0.108199651102808
0.0983255437731947
0.12108805466749
0.133569711214068
0.120527277239251
0.107702456982121
0.100207504712775
0.0976055121428731
0.116758845146303
0.0859591570125941
0.09832291144618
0.132821644809756
0.104763584869065
0.100038636644586
0.105105261190207
0.0920685274707621
0.094931613887204
0.101214152884092
0.102768488056666
0.0963858555701771
0.0939596051961047
0.088542846301957
0.069185738138337
0.0691857381383369
0.069185738138337
0.111151731232164
0.120400569864563
0.099804399530267
0.0845019427758528
0.088212843804589
0.0872489483588201
0.069185738138337
0.069185738138337
0.069185738138337
0.069185738138337
0.0691857381383369
0.069185738138337
0.069185738138337
0.0930293690751012
0.0981451335094011
0.0975926712335402
0.069185738138337
0.069185738138337
0.069185738138337
0.069185738138337
0.069185738138337
0.069185738138337
NaN
NaN
NaN
NaN
0.0691857381383369
0.069185738138337
0.0691857381383369
NaN
NaN
NaN
NaN
NaN
NaN
NaN
NaN
NaN
NaN
NaN
NaN
NaN
NaN
NaN
NaN
NaN
NaN
NaN
NaN
NaN
NaN
NaN
NaN
NaN
NaN
NaN
NaN
NaN
NaN
NaN
NaN
NaN
NaN
NaN
NaN
NaN
NaN
NaN
NaN
NaN
NaN
NaN
NaN
NaN
NaN
NaN
NaN
NaN
NaN
NaN
NaN
NaN
NaN
NaN
NaN
NaN
NaN
NaN
NaN
NaN
NaN
NaN
NaN
NaN
NaN
NaN
NaN
NaN
NaN
NaN
NaN
NaN
NaN
NaN
